10
95 1
5 132 158 146 369 859 16 667 27 175 92 107 525 162 639 771 32 52 900 238 88 135 91 893 796 69
404 526 118 7 948 918 49 342 314 353 281 814 58 396 260 75 624 771 343 489 320 788 663 982 971 613
276 538 944 757 420 453 719 491 987 447 420 177 177 355 220 600 489 173 743 160 601 480 586 413 205 906
335 930 392 843 184 381 972 497 178 824 453 970 406 449 374 580 886 421 475 390 766 737 801 15 319 358
498 815 516 521 403 148 543 891 815 717 853 266 82 375 449 172 777 746 74 169 546 171 589 265 878 58
385 702 568 676 256 913 638 908 914 907 699 784 692 921 61 116 945 339 459 260 628 334 774 652 597 565
110 874 228 985 95 419 561 731 158 89 359 883 279 471 831 12 83 77 715 124 553 256 503 65 193 489
382 883 473 631 689 412 400 273 90 621 149 160 273 356 674 372 289 118 95 81 264 1000 162 193 841 934
953 322 453 609 299 962 736 119 566 499 36 244 80 616 100 732 358 776 497 470 108 813 970 948 605 403
352 99 539 410 480 940 392 869 452 390 87 584 165 250 840 983 449 78 463 299 493 554 290 405 321 323
867 25 290 314 513 164 203 302 147 922 22 402 152 458 55 415 444 530 903 240 90 402 716 81 946 685
238 822 436 212 508 459 6 424 402 410 356 572 128 54 20 727 775 534 84 853 283 1 338 500 339 385
761 422 445 642 741 829 852 786 146 853 446 675 8 860 595 796 352 835 674 964 15 217 868 531 204 613
71 127 709 754 616 323 142 632 254 973 412 801 560 648 647 81 211 480 473 34 695 615 837 26 542 510
513 660 98 868 495 603 986 713 290 707 122 449 820 920 213 152 652 660 900 170 490 574 853 603 10 522
522 760 634 937 183 188 273 161 380 393 386 984 134 705 288 274 233 266 571 749 217 403 660 601 507 485
670 58 906 237 363 551 655 338 863 860 747 255 632 140 476 354 887 143 701 641 780 575 701 800 822 477
925 625 260 292 140 273 377 261 396 389 555 217 63 996 100 303 353 687 548 273 86 535 114 779 580 964
875 251 685 336 45 473 39 542 353 990 861 273 974 384 215 610 697 474 767 865 655 989 887 758 29 326
766 109 892 481 221 485 395 215 844 960 785 300 374 835 173 387 349 910 949 192 818 552 688 14 757 551
258 263 43 246 206 765 995 254 298 221 877 226 26 214 586 822 494 889 125 616 1 167 169 864 385 724
933 779 679 133 968 698 778 942 893 8 877 444 44 923 12 300 811 868 699 406 532 233 819 839 133 65
454 987 312 69 128 311 277 971 78 589 772 73 524 373 843 49 709 158 454 331 398 154 396 973 575 419
574 437 120 574 360 295 602 163 445 704 472 890 426 583 491 976 202 126 983 706 722 79 236 168 843 708
285 486 614 948 172 179 255 131 795 203 976 915 219 806 827 989 816 402 177 741 753 752 325 528 838 37
990 212 920 645 474 110 313 358 281 461 750 553 131 77 314 95 588 756 793 363 17 791 597 819 480 890
47795822252654657838229482636948968644836955846229977653998686639674996936935685976892299654786
78 1
244 285 207 453 835 587 699 920 365 841 709 539 133 238 263 510 125 167 841 237 359 419 431 928 952 584
536 93 989 130 227 521 1 590 282 573 966 612 705 311 236 751 219 129 625 218 726 409 423 856 402 574
866 22 1000 125 646 579 558 888 752 100 183 418 616 353 967 298 484 960 563 227 436 490 132 500 265 806
981 468 628 862 982 471 263 475 844 390 52 734 857 939 132 478 899 291 652 545 782 655 671 472 966 564
791 972 500 998 474 762 466 728 497 495 171 448 486 424 805 735 42 572 430 430 479 101 638 834 115 706
501 133 952 329 568 119 287 184 605 724 218 462 878 837 234 383 868 847 608 513 965 44 689 425 671 850
792 172 336 825 721 331 265 864 830 674 122 214 392 159 674 241 72 597 834 170 815 783 440 802 26 618
554 388 286 479 842 591 974 253 654 967 71 809 515 650 613 977 716 367 88 368 620 501 381 312 522 510
920 687 87 192 427 767 689 586 232 226 480 799 799 635 869 663 320 263 487 45 741 242 989 301 40 870
458 201 690 247 120 644 858 530 155 274 300 326 574 58 839 613 657 263 696 168 994 753 880 179 165 182
509 312 144 386 374 560 65 504 906 102 152 939 852 125 841 343 144 777 633 570 91 429 785 255 728 54
492 695 469 607 445 237 993 853 65 72 896 401 594 398 328 678 391 190 470 49 34 859 385 864 773 547
600 576 590 908 350 154 618 865 561 950 30 933 145 726 451 820 776 498 642 846 964 589 585 907 542 894
546 283 722 317 352 930 478 752 372 206 631 356 934 535 780 446 356 510 307 151 287 925 95 855 363 34
604 390 635 354 532 49 741 29 155 976 693 254 814 192 835 857 225 286 597 738 209 58 518 782 196 503
784 116 93 41 511 934 625 592 196 809 387 141 229 915 556 67 874 4 927 960 173 3 806 317 186 699
586 555 603 975 799 924 871 433 691 877 406 70 209 823 1000 234 925 370 576 33 547 164 244 203 398 885
696 397 843 245 590 526 547 24 820 839 208 554 611 845 654 331 180 514 474 187 276 820 874 591 817 71
254 604 9 833 831 252 69 601 799 105 339 750 212 688 995 999 780 181 589 328 338 636 582 531 427 536
164 667 204 277 714 302 599 999 218 120 360 713 937 529 539 930 26 983 952 317 600 38 472 174 183 402
906 690 926 182 776 667 315 702 956 70 722 690 977 420 387 12 483 387 194 596 346 770 496 121 32 927
131 293 440 474 68 563 673 593 513 766 324 621 894 954 361 565 661 550 117 717 189 347 126 685 264 289
368 558 28 773 826 257 317 386 8 767 954 632 527 4 429 891 802 886 92 219 915 136 68 588 925 723
34 910 881 449 547 243 778 797 660 161 859 208 679 287 494 808 843 711 28 434 938 331 53 362 47 992
114 529 754 307 934 175 683 961 165 552 938 178 356 435 794 265 629 965 95 492 168 977 979 441 598 284
684 888 861 446 525 547 546 469 882 135 420 552 732 886 334 909 961 895 357 860 654 250 302 249 459 17
764839682523737456364323223525543739855928594422492268253385976399682754226327
76 1
343 221 268 84 303 188 308 416 354 196 27 308 176 461 707 474 190 154 350 375 352 963 989 380 596 95
252 516 844 329 324 527 430 667 678 508 391 506 552 164 656 544 642 343 655 447 251 806 759 436 122 685
702 529 408 830 322 440 59 60 251 656 536 99 65 844 4 56 601 860 688 257 424 795 311 536 841 485
979 101 28 626 689 181 687 808 964 548 998 638 220 354 154 56 580 840 890 55 225 548 364 408 588 1000
83 597 899 670 352 846 360 825 49 815 193 966 514 524 489 645 506 871 887 458 326 585 158 995 430 119
168 945 780 340 281 659 614 324 954 270 291 388 191 235 721 600 510 897 696 392 234 836 821 210 799 109
143 344 795 821 302 63 652 371 181 897 649 8 82 140 939 737 777 653 664 843 108 896 713 615 718 668
558 73 505 441 423 211 612 549 266 99 738 772 967 448 681 77 247 487 176 212 889 168 530 17 777 665
524 169 630 901 986 205 810 249 967 543 296 112 137 136 474 345 561 897 500 265 495 875 329 877 361 60
702 570 514 323 413 595 674 468 640 267 148 307 525 554 360 198 861 640 50 822 168 599 235 268 287 245
359 763 323 896 813 919 792 78 359 189 987 314 667 547 848 557 656 832 182 661 319 191 311 231 79 258
401 399 57 536 43 957 915 283 631 867 701 858 201 682 579 144 846 597 832 328 576 617 261 131 181 978
119 424 636 356 264 740 2 980 808 686 75 294 992 791 747 358 341 118 609 642 584 677 182 809 166 367
860 136 484 241 486 366 698 872 630 797 651 15 579 341 498 187 68 194 1000 543 142 622 298 637 282 37
253 126 413 437 784 780 38 267 839 652 527 471 633 937 203 258 365 351 82 746 32 785 486 761 825 512
16 311 174 416 626 725 753 519 722 611 637 91 346 174 442 745 977 626 442 228 53 922 326 951 135 478
441 666 392 45 88 755 319 534 234 158 242 962 66 721 825 945 246 930 358 580 524 498 139 349 525 17
227 715 838 607 242 800 555 573 294 656 266 693 372 952 80 373 557 949 283 950 965 98 184 192 422 515
834 48 788 386 192 613 968 709 930 784 582 517 658 605 37 549 666 452 980 233 650 673 500 552 343 328
526 814 518 534 799 144 326 909 1 384 928 568 865 16 644 735 454 195 618 54 537 392 552 657 109 603
558 568 527 874 490 673 664 173 574 412 524 263 711 122 279 33 607 740 296 75 833 888 868 885 628 502
414 9 478 910 324 370 861 185 449 540 250 320 984 465 393 568 465 690 655 244 699 341 712 852 204 19
506 775 221 549 884 945 465 334 488 13 910 61 283 750 239 80 272 633 701 74 378 858 923 764 175 987
701 830 635 632 926 660 926 355 867 448 938 53 156 2 183 618 147 730 681 438 222 541 300 471 72 296
638 803 754 628 163 816 145 225 899 146 211 86 244 419 971 959 944 466 65 293 619 572 358 838 186 392
861 89 431 244 955 450 762 504 534 622 216 247 505 50 893 234 384 89 929 17 102 609 959 816 781 343
6773256644642285978632789535465495988937499978266535586682828535475892375599
68 1
589 957 60 114 495 369 751 93 863 132 16 627 712 304 918 270 575 557 807 113 20 622 857 403 769 948
321 154 599 428 606 595 862 583 664 141 995 86 76 866 334 278 535 811 693 267 141 939 25 541 529 568
792 584 6 317 473 746 195 502 510 722 671 363 695 577 2 801 3 872 467 421 143 743 400 990 175 819
568 358 350 333 879 503 74 969 300 448 466 95 550 849 161 291 902 270 413 848 334 167 652 168 784 158
361 21 748 364 835 160 76 868 77 162 644 376 542 145 532 217 668 928 650 207 466 643 425 628 878 181
988 17 335 829 562 565 243 804 650 989 848 140 24 831 85 526 361 20 559 883 543 317 787 176 983 76
275 847 252 526 437 159 334 224 499 34 624 412 635 54 944 30 842 855 604 171 946 617 554 577 139 997
368 439 767 486 215 588 314 949 426 230 207 190 1 475 75 736 194 618 605 782 199 456 224 408 901 361
559 462 968 555 816 576 161 398 328 838 693 911 545 787 411 462 901 908 645 556 340 404 394 631 196 940
615 127 254 442 542 678 356 254 176 444 257 264 221 563 331 952 772 332 851 479 942 304 533 971 575 348
230 900 419 557 345 682 593 837 577 571 711 270 548 547 841 972 525 140 487 348 722 790 797 985 523 904
944 643 478 224 685 408 183 885 353 33 51 569 96 543 576 837 445 683 858 750 796 333 988 466 74 679
209 733 596 344 294 861 408 978 859 956 199 31 794 173 67 335 101 94 46 852 136 102 82 227 134 338
850 790 667 548 766 666 275 923 2 545 171 539 791 600 245 657 920 39 185 97 856 346 547 126 416 164
782 61 279 782 440 490 799 298 851 459 179 491 807 259 856 902 452 939 121 319 677 548 349 277 569 290
409 819 62 948 325 261 85 375 316 824 26 868 699 845 140 254 165 494 531 315 216 589 760 351 970 211
346 216 955 954 870 476 143 735 882 931 420 142 903 816 265 136 253 104 138 407 942 849 330 726 193 8
437 676 924 495 203 646 400 23 737 600 479 946 6 127 626 342 763 71 540 458 793 662 655 424 884 663
238 234 387 784 93 454 207 212 393 565 103 769 139 167 205 7 902 208 964 395 823 469 461 454 974 956
649 777 904 242 653 228 72 177 981 829 458 414 824 962 518 4 670 968 483 30 724 262 311 575 842 641
957 788 200 935 806 161 880 316 857 685 915 601 985 951 550 949 235 824 365 962 959 509 284 257 987 838
939 691 642 651 546 402 324 95 848 209 686 265 835 859 786 4 133 953 397 704 184 706 945 235 71 761
258 711 602 703 557 902 398 306 202 133 229 945 381 168 120 238 988 907 186 6 643 669 816 1 337 348
140 66 11 236 449 30 557 400 790 568 926 86 708 604 130 332 162 101 448 158 35 760 596 506 44 302
981 336 842 155 865 134 64 289 536 413 318 183 4 87 11 124 67 857 316 856 686 678 241 426 402 861
680 115 475 248 736 637 403 736 487 96 239 260 2 924 783 411 975 797 236 998 913 80 797 589 985 695
85228387672867678676766334749537474832572898358368549456436976242538
98 1
802 553 366 457 379 705 335 881 399 509 368 387 197 47 223 655 876 128 630 829 970 310 516 881 757 411
144 783 476 633 456 778 288 907 407 3 990 91 158 242 59 658 683 618 90 561 448 185 662 504 995 713
976 159 718 446 643 325 442 96 683 814 139 599 370 831 355 585 246 513 995 131 23 418 557 168 149 645
872 751 87 442 893 818 433 414 566 392 944 156 976 802 469 886 231 979 191 443 76 654 542 337 625 783
595 632 927 440 37 27 138 259 312 652 322 673 644 317 515 558 510 283 468 34 23 43 788 862 493 838
999 564 617 241 172 757 679 985 334 674 46 139 202 159 2 901 812 298 766 140 817 145 833 159 918 135
118 9 787 830 169 290 925 284 73 824 911 919 450 843 394 407 623 412 5 901 120 49 857 140 408 476
168 906 733 637 375 305 657 380 179 918 464 397 415 35 755 381 935 186 56 197 346 71 32 528 624 301
103 92 187 899 795 674 983 965 571 32 993 296 85 545 214 877 732 822 576 952 275 222 773 35 737 560
178 716 966 746 354 944 491 594 470 884 990 606 19 13 268 307 945 446 619 591 543 167 152 89 358 358
112 788 368 175 365 283 649 932 871 440 480 992 470 196 931 841 608 72 9 514 132 812 278 88 234 34
312 884 22 161 665 876 370 819 93 687 707 695 983 936 19 332 234 237 107 640 199 782 929 581 130 810
230 4 33 535 45 175 738 933 511 502 395 456 934 696 933 400 241 931 876 669 668 926 459 191 718 934
996 93 278 587 742 789 62 497 655 435 276 114 296 604 57 147 649 704 484 931 837 288 341 324 879 230
233 782 346 621 281 128 82 161 753 214 258 491 291 17 25 969 477 601 797 685 533 941 827 463 864 309
811 709 377 866 275 840 567 590 852 994 791 263 528 923 915 952 634 660 769 552 725 794 876 603 853 357
133 655 977 682 182 756 992 450 498 127 43 26 554 700 819 260 486 11 83 464 927 539 908 7 714 509
988 489 766 317 526 732 900 547 906 211 667 258 267 115 224 426 927 47 547 195 231 232 213 68 474 479
472 646 356 413 148 101 31 957 183 165 753 693 722 600 824 359 513 236 377 930 866 310 397 444 658 993
965 282 48 765 743 296 759 733 97 519 53 561 926 884 392 882 596 721 27 3 250 626 253 777 438 242
492 334 975 158 299 490 775 859 991 422 49 982 382 591 341 780 546 710 45 32 237 422 91 60 526 289
120 288 692 727 875 974 187 66 676 116 263 506 333 606 887 206 266 571 586 294 286 451 97 573 44 372
9 395 888 950 12 382 737 179 789 902 25 765 52 496 1000 928 604 450 18 872 925 415 16 959 465 130
601 248 585 213 243 719 484 294 564 649 6 337 246 706 220 385 496 475 63 327 497 643 451 120 803 359
624 756 386 62 798 733 495 97 139 89 397 726 378 68 15 495 582 488 260 190 623 891 656 767 67 33
687 575 902 27 788 435 821 134 83 259 972 635 893 592 800 815 462 254 654 793 627 948 815 710 910 646
37452953593277433258356843452935754293882382872277836533647877479838267428763575886344529459398999
73 1
266 917 791 819 521 771 597 449 440 439 509 65 478 392 957 255 685 175 757 657 292 17 784 750 896 401
860 256 456 927 535 223 45 51 634 262 858 753 111 504 721 774 125 941 335 650 110 139 162 834 194 165
234 24 414 167 186 336 805 631 842 973 305 154 899 779 372 290 337 301 908 497 527 797 782 9 198 277
292 115 84 696 127 587 103 282 928 51 58 112 735 40 724 1000 746 699 828 408 685 921 826 573 532 698
519 517 329 931 100 704 56 245 732 872 589 456 654 483 49 438 625 813 927 218 981 396 890 642 710 861
915 779 393 818 620 830 141 920 3 837 844 3 1000 522 278 25 384 701 835 480 630 765 269 439 23 993
705 663 855 272 110 994 737 477 269 644 92 216 90 65 977 448 806 250 351 210 350 980 673 854 783 646
3 787 691 660 200 171 594 493 817 131 59 986 171 995 325 615 633 893 145 851 579 276 286 768 414 791
58 871 757 452 589 294 740 534 104 742 335 259 979 626 126 556 416 509 604 30 964 524 495 981 682 565
172 348 789 325 702 924 631 874 847 946 268 716 276 331 621 93 645 800 780 970 423 333 687 973 485 367
515 824 557 491 447 838 883 39 438 494 214 799 398 289 74 885 464 392 464 804 226 486 535 723 85 573
431 129 345 769 760 173 695 340 559 694 928 704 413 212 263 860 987 475 977 964 156 654 770 650 815 907
734 326 372 635 696 390 756 146 843 155 158 792 923 334 812 456 137 975 987 277 286 559 431 201 602 577
71 981 836 979 465 377 560 959 484 243 326 711 529 401 675 28 231 657 872 122 711 547 806 289 842 748
268 700 871 695 272 179 613 160 301 410 494 692 862 842 723 879 94 220 811 618 213 209 669 48 983 820
35 269 109 494 80 311 507 158 424 652 903 322 428 729 991 762 453 194 120 290 966 560 140 801 575 448
606 200 667 9 546 919 355 41 340 14 691 222 486 375 804 69 43 982 33 4 800 975 696 50 329 865
822 627 255 323 390 488 776 343 640 414 546 505 224 918 811 376 132 96 782 765 279 433 395 279 302 132
854 357 864 413 748 780 832 182 528 103 686 790 156 560 144 274 391 66 526 458 128 520 479 753 956 830
452 335 180 142 589 421 530 154 698 918 444 198 288 369 398 638 647 658 731 447 946 557 665 300 962 977
156 775 655 322 452 652 585 601 317 36 213 112 906 306 79 96 526 63 346 547 794 390 593 410 583 312
803 110 213 969 939 269 149 906 770 199 760 45 586 728 744 809 596 9 550 119 519 474 994 960 707 473
30 771 723 493 627 162 242 110 839 421 842 649 313 460 186 417 653 407 558 586 880 503 481 98 481 407
1000 829 560 492 635 187 365 283 902 284 828 244 373 287 346 713 60 812 894 478 652 358 198 789 572 657
742 551 816 563 362 340 16 297 942 641 644 760 952 13 702 462 41 634 729 302 172 673 383 550 676 910
18 767 35 210 117 385 354 183 113 519 68 235 901 5 435 266 679 409 337 416 727 306 985 316 948 377
4962542592985522362675957754657223378543993579785662662486275435546256653
68 1
488 451 717 518 230 101 205 239 296 806 221 678 196 532 272 110 864 527 33 632 832 778 422 120 133 473
467 294 363 645 607 483 119 275 528 783 885 965 854 676 451 472 462 704 994 433 94 561 474 632 145 855
958 461 640 405 642 866 277 469 340 515 111 13 251 273 135 850 389 670 292 146 492 521 459 406 820 432
347 625 23 685 52 395 736 396 127 944 264 261 6 357 589 393 451 830 26 978 674 903 965 880 716 807
156 305 226 946 697 517 929 828 834 68 454 969 777 305 791 408 123 560 173 372 627 573 589 558 531 496
526 607 824 641 307 171 27 559 224 979 990 265 817 919 324 504 67 866 564 634 458 942 292 112 945 810
943 559 701 716 387 489 715 18 899 926 920 845 641 189 238 755 22 178 253 581 694 530 725 769 547 952
11 932 416 365 383 221 524 611 208 347 537 776 935 483 375 23 890 646 444 104 350 50 807 409 367 845
479 339 688 600 815 665 681 218 740 190 105 606 22 308 673 428 165 171 949 912 753 678 968 690 920 703
887 414 128 748 594 259 597 188 314 882 653 884 669 903 215 65 308 822 900 715 408 509 99 960 830 185
35 904 647 108 276 199 877 864 240 695 312 182 136 331 938 255 783 265 661 237 469 129 80 373 228 419
408 494 512 365 566 556 61 712 270 651 666 438 562 808 671 844 516 768 6 644 18 571 897 948 416 175
314 695 687 682 650 204 305 299 768 893 376 344 399 539 262 768 427 733 690 44 924 581 857 622 373 65
352 405 368 34 759 72 270 407 787 608 577 959 382 499 138 759 467 524 222 872 606 762 336 563 500 10
599 496 579 414 364 880 457 894 25 955 302 96 79 714 192 465 898 793 571 706 371 762 992 58 580 408
818 935 855 153 260 328 149 754 905 917 820 404 137 826 248 953 166 42 7 844 64 2 302 282 973 281
131 633 393 569 676 654 173 91 83 306 831 513 288 427 285 934 713 707 844 464 282 756 273 819 901 777
19 715 661 669 302 657 848 893 180 998 761 562 442 108 418 792 590 604 373 558 516 423 380 365 454 371
9 907 737 908 77 804 383 853 917 822 95 820 254 416 359 460 18 532 325 920 425 865 180 204 839 298
388 207 713 12 484 835 163 503 483 70 732 981 338 337 81 466 342 508 260 987 988 464 4 650 518 97
620 44 868 64 305 130 443 862 139 85 657 847 681 850 891 206 530 833 581 681 354 43 318 594 931 80
276 206 314 968 364 890 739 978 255 445 356 264 33 313 900 749 286 22 115 974 956 349 423 530 568 126
654 740 960 982 321 62 142 873 27 606 758 917 475 669 987 989 929 101 363 130 346 245 169 247 22 112
188 658 436 771 952 820 207 873 63 745 38 842 312 520 106 947 197 735 945 689 364 551 157 742 11 353
851 258 918 12 212 920 694 766 429 581 21 443 383 174 81 631 521 965 288 959 627 231 704 61 267 891
158 795 111 830 278 436 940 745 599 873 419 831 85 556 357 702 541 170 233 948 227 118 884 849 187 228
87362945794822433263852776366543893999269946698757469395877274439333
83 1
470 778 756 540 778 634 676 268 3 334 423 895 698 216 249 583 85 773 763 333 787 783 210 809 371 388
335 96 138 624 940 128 205 864 202 537 57 645 687 842 606 395 787 547 46 946 793 82 553 196 611 446
576 242 284 945 118 473 811 472 637 50 46 466 807 167 374 465 598 197 784 376 175 85 339 411 96 172
993 944 928 196 93 613 183 122 793 742 103 331 475 656 494 651 135 169 215 229 940 876 714 953 442 83
717 608 513 435 577 217 808 220 141 476 966 685 972 947 14 691 385 972 522 895 807 493 752 29 729 401
531 756 540 737 800 161 872 657 622 962 137 536 386 434 585 433 348 363 108 332 231 762 778 867 325 407
554 597 339 350 822 931 583 871 973 147 306 204 139 314 806 734 549 912 613 98 613 587 681 425 639 461
973 701 723 452 564 526 77 301 815 599 140 445 94 164 185 455 934 507 267 729 608 657 935 625 53 413
555 682 135 788 893 905 441 213 208 424 14 896 431 769 515 295 729 537 425 855 431 325 565 676 711 878
100 686 319 674 85 548 222 860 857 350 554 523 376 254 980 829 430 482 140 883 822 77 747 780 563 558
134 193 803 416 532 466 678 373 642 256 610 859 789 463 690 550 806 207 646 474 106 838 712 362 665 946
556 978 71 946 357 936 179 968 304 557 401 241 269 239 675 692 911 39 219 459 69 437 397 542 804 285
807 973 649 959 457 898 751 345 22 667 116 62 36 831 753 93 273 391 332 466 625 206 181 353 988 671
878 638 793 515 192 665 551 161 874 370 79 644 765 647 305 324 54 251 827 259 91 861 134 886 354 234
946 925 709 881 479 806 261 904 215 972 87 455 671 898 908 333 66 163 670 365 599 354 341 962 931 364
984 488 88 601 604 696 480 653 695 668 953 83 70 917 893 301 72 193 955 312 49 337 808 774 436 90
840 976 955 865 859 188 550 19 478 475 731 458 291 846 719 389 439 758 39 221 530 640 652 374 90 330
777 274 133 387 810 974 234 556 697 627 492 744 111 149 665 449 551 519 754 724 848 928 630 720 44 797
190 859 944 604 878 822 297 283 986 946 173 754 815 238 498 828 469 63 692 108 454 315 824 858 532 958
897 881 176 962 245 372 571 421 424 286 359 844 979 378 171 769 732 22 665 106 918 473 782 410 182 548
960 976 805 133 677 554 264 220 63 651 392 456 901 574 694 907 575 490 605 27 143 574 119 26 372 864
30 37 923 264 839 687 10 396 13 268 537 199 53 190 91 846 929 96 541 532 443 423 612 507 259 539
16 178 475 165 168 396 240 739 819 73 567 573 917 782 854 411 188 483 227 353 191 434 418 944 897 471
583 587 507 849 904 766 419 391 923 866 960 69 861 809 410 6 140 558 737 489 19 519 701 517 225 820
813 155 591 564 694 830 311 375 744 180 205 56 635 110 595 138 358 130 701 498 727 217 101 695 96 626
792 849 612 154 64 183 273 217 397 191 700 336 557 486 25 463 918 693 800 987 491 966 289 150 705 128
67599249877476328889772327658282772328453832784729639772559463387353893564722224343
52 1
179 993 383 559 781 315 73 367 106 556 205 761 311 272 161 982 833 250 398 647 198 295 900 546 431 289
356 882 580 605 513 640 533 657 678 686 394 783 415 631 824 207 899 248 789 587 739 780 669 334 557 994
383 296 826 983 824 130 887 182 737 592 721 670 107 680 924 468 346 728 637 939 231 646 674 695 960 911
954 763 106 712 556 380 396 297 114 723 126 726 677 628 329 604 500 423 979 610 584 786 180 858 850 838
176 685 995 313 321 953 335 893 870 789 855 97 449 790 82 300 213 293 549 40 410 796 217 463 726 741
632 817 477 966 243 699 281 20 888 936 526 532 619 619 346 564 89 896 839 70 302 721 209 589 728 150
937 192 825 549 624 513 75 752 955 73 28 427 743 768 658 414 28 637 116 925 936 588 409 537 422 127
904 874 310 616 894 702 434 220 182 566 972 342 547 490 525 328 837 627 914 305 458 488 769 588 673 612
217 858 842 446 445 398 223 753 539 511 692 736 282 455 213 474 418 554 741 800 734 894 230 375 226 858
349 834 484 602 557 80 3 256 109 585 182 749 709 607 228 357 203 917 202 907 683 490 136 281 216 270
227 133 877 286 807 325 995 609 934 743 782 164 448 28 708 680 754 304 857 63 963 738 857 590 505 833
553 113 966 325 62 70 173 377 727 688 664 757 490 750 758 382 977 566 115 673 144 141 351 506 280 863
521 969 492 178 2 419 621 509 464 817 100 270 551 76 267 190 50 917 14 763 567 886 702 153 605 158
359 221 606 778 14 382 969 523 931 803 527 591 362 961 690 888 201 703 993 297 914 445 573 289 770 282
291 465 166 854 693 410 219 750 494 518 643 799 333 524 50 978 164 993 776 413 987 587 668 173 362 129
322 968 679 6 291 619 49 247 712 748 171 353 226 596 176 975 657 848 286 932 631 459 458 287 609 460
123 73 279 44 194 564 653 870 974 956 73 671 804 855 856 594 52 371 138 928 569 422 873 640 111 290
852 550 69 9 496 833 16 15 556 102 208 556 980 105 677 499 162 235 516 192 622 41 271 343 176 228
840 798 697 468 213 385 278 926 999 512 252 937 581 842 272 807 833 728 776 969 716 488 103 151 605 609
344 402 699 605 873 97 417 630 766 997 526 22 990 407 178 587 174 23 73 194 928 922 883 553 912 584
611 324 471 867 999 27 466 759 788 114 668 231 240 380 190 113 599 859 813 98 890 476 170 287 625 583
501 682 511 826 771 920 85 792 225 598 996 203 704 413 106 248 214 901 129 416 795 216 587 986 207 485
377 364 927 401 581 289 507 129 255 380 302 259 772 408 669 761 325 714 413 463 368 630 29 145 599 84
150 158 15 403 197 291 964 769 598 19 15 413 576 166 745 335 59 902 270 443 816 62 139 938 578 683
633 25 116 62 373 872 151 410 632 172 270 801 731 196 661 235 874 851 250 191 419 596 425 379 273 225
244 500 661 562 808 809 66 797 634 55 937 746 256 453 646 978 384 316 723 425 478 852 270 819 488 451
9776954977275459246579559688485936724398929975566827
96 1
129 86 339 42 936 767 354 444 390 122 673 44 481 678 103 298 624 444 117 884 967 769 871 698 59 289
105 529 367 704 537 341 354 39 709 621 611 215 869 251 430 141 95 435 512 340 631 871 686 158 919 262
940 184 503 123 50 786 575 585 261 438 827 200 97 687 66 773 612 104 128 8 778 893 355 378 145 383
165 965 543 808 552 934 871 517 92 994 576 931 115 659 500 230 375 708 870 223 942 264 800 499 100 259
791 150 709 519 843 751 889 640 553 952 17 95 840 791 501 470 525 27 186 43 703 79 974 747 759 235
610 142 751 274 224 779 877 686 381 195 372 279 916 214 441 462 660 60 319 121 297 321 291 87 136 975
183 960 102 439 983 134 106 95 651 272 844 295 590 451 820 40 824 855 795 217 961 31 193 272 867 851
730 40 490 271 697 678 663 800 490 591 757 250 22 210 992 625 630 187 657 544 461 965 316 911 742 985
186 526 377 983 49 50 957 442 638 927 617 551 133 684 70 326 402 22 708 336 455 852 157 8 973 480
943 183 848 113 620 905 854 814 324 294 582 531 65 795 197 321 134 142 684 878 678 1 912 718 514 595
301 61 397 243 228 183 9 412 713 521 150 658 149 713 288 607 564 371 679 681 119 189 700 676 865 938
708 357 339 761 146 708 471 210 512 518 27 601 611 604 123 362 230 827 497 137 217 797 727 576 498 392
633 988 227 995 167 774 199 875 809 338 250 597 867 780 343 813 789 470 839 394 218 194 739 645 999 391
7 412 837 119 585 587 280 178 848 231 654 969 317 861 503 619 969 324 418 441 877 119 702 524 614 49
288 67 286 472 604 731 694 3 240 58 280 511 500 429 848 701 285 390 375 162 439 518 652 963 268 999
27 854 749 554 350 670 366 272 264 929 320 938 51 556 285 474 432 572 706 158 815 101 463 960 831 877
900 736 849 885 831 328 494 700 351 365 930 714 526 468 329 755 968 900 474 960 254 918 219 996 932 762
436 262 232 186 417 62 65 511 38 648 727 977 966 608 391 67 855 713 32 799 772 540 761 686 10 971
619 34 567 815 41 450 814 270 382 444 922 647 920 785 661 15 826 477 892 128 496 669 126 165 100 693
281 681 368 303 223 774 638 502 873 686 390 838 211 833 142 274 218 276 648 424 155 483 291 65 802 239
61 741 778 454 831 635 820 896 283 598 167 750 234 732 966 534 901 707 480 1000 124 38 566 979 527 855
477 379 125 188 200 598 290 286 399 327 865 408 232 853 345 747 83 940 964 283 823 247 32 389 356 709
729 468 378 664 556 669 320 470 370 839 581 811 256 18 371 346 565 924 539 389 883 434 121 377 947 94
796 357 432 534 83 440 635 486 214 502 461 928 282 122 353 55 661 153 393 582 219 53 344 600 533 161
842 185 499 114 368 733 202 379 182 290 310 92 765 402 44 494 343 223 506 823 622 442 334 292 776 681
795 653 160 791 895 24 723 142 538 145 157 926 179 534 571 656 87 166 400 196 513 624 730 642 883 174
937742926223985457629759742475669327487393653228739362452556823522255998237864337577545787959742
