10
714 487 522
64 76
94 78
72 52
55 95
58 76
58 81
74 73
74 81
99 89
85 55
97 91
88 65
94 70
80 69
63 99
97 53
95 71
86 53
55 100
59 93
51 99
96 56
71 58
73 81
76 63
75 54
74 87
60 51
97 91
51 85
59 77
54 76
77 86
55 73
74 81
100 76
79 87
99 60
58 58
95 59
62 61
98 96
72 71
73 71
67 93
58 62
57 90
76 74
61 93
77 74
85 58
89 93
90 83
56 73
58 98
99 71
61 53
90 51
51 87
90 75
64 87
93 64
65 85
94 60
83 61
98 60
94 95
75 66
94 89
58 74
51 54
99 85
75 61
100 57
57 59
88 93
69 64
84 89
98 87
89 91
89 65
63 100
79 54
93 64
60 92
68 83
94 69
54 65
88 51
55 86
81 75
79 86
89 67
62 67
100 62
59 70
60 61
74 65
78 59
93 96
81 92
91 74
60 76
72 90
70 80
80 74
76 97
78 54
99 77
90 67
73 63
55 51
57 68
52 65
63 95
93 97
80 82
97 54
77 90
54 99
79 58
71 56
89 73
97 56
51 78
97 83
79 94
83 56
91 99
84 88
57 80
55 80
75 100
81 98
99 65
69 59
69 53
58 100
94 73
75 75
87 79
70 99
81 53
75 96
58 71
84 71
96 63
93 98
86 86
82 99
70 81
78 62
64 99
61 99
67 81
90 92
51 51
89 90
62 96
62 82
62 92
53 94
66 77
52 69
55 90
50 68
77 90
78 51
92 71
92 81
85 92
70 67
61 71
65 65
78 65
68 78
66 78
55 99
99 81
92 78
83 98
62 63
97 90
73 76
96 95
97 72
98 88
68 94
54 74
99 69
52 78
82 92
66 88
94 62
93 61
62 68
74 61
72 80
64 92
58 76
88 82
99 56
71 94
77 83
80 77
87 52
53 79
83 85
73 63
63 83
55 95
72 73
53 62
59 80
75 87
74 58
51 75
52 53
76 91
96 92
51 91
72 65
54 54
81 92
91 85
66 71
62 82
96 75
63 58
99 82
54 60
81 92
53 72
81 78
56 55
51 58
73 93
58 83
87 63
79 74
65 66
76 71
50 51
74 95
81 53
55 56
71 74
100 98
91 76
60 100
98 78
89 67
67 99
68 50
64 51
82 75
80 97
52 71
82 77
54 86
53 57
87 77
58 85
68 54
81 90
88 87
93 96
67 95
78 81
60 83
64 57
56 98
63 80
67 80
78 100
67 81
90 87
89 92
95 57
59 86
74 86
92 80
81 89
95 97
79 65
88 53
93 75
53 98
100 54
60 81
85 100
97 71
87 60
57 93
69 58
57 65
54 61
57 85
67 92
91 69
86 94
67 94
86 58
54 60
73 98
65 94
54 100
51 86
79 94
96 98
51 100
94 76
72 51
100 50
97 85
51 83
51 95
93 65
66 98
65 78
83 91
62 98
59 65
85 86
98 86
76 68
55 63
92 90
94 51
90 99
58 51
83 66
89 68
74 58
71 52
68 58
90 92
50 96
95 73
78 85
91 62
96 80
81 52
89 93
82 90
68 79
81 82
50 66
67 65
74 93
73 73
69 82
76 60
55 85
67 63
59 70
74 61
76 52
68 76
100 65
90 88
70 55
98 76
58 87
88 71
90 63
71 58
70 72
79 89
92 84
83 97
70 51
81 92
60 73
60 77
73 73
78 66
57 93
71 78
87 83
60 98
63 98
96 80
65 87
81 60
75 51
65 67
92 80
52 67
94 50
85 64
61 85
63 82
69 61
63 71
97 64
78 60
63 100
74 96
85 57
57 53
95 59
84 62
73 91
79 86
96 91
56 67
68 58
67 85
67 63
52 56
99 99
81 85
72 53
57 92
67 84
67 51
97 95
56 70
68 87
84 66
60 73
79 88
82 91
99 96
89 68
77 97
72 55
79 53
51 94
60 74
73 59
85 52
97 53
81 84
99 67
72 69
85 93
79 62
62 73
75 82
72 54
86 75
81 61
67 75
57 75
87 55
73 94
86 71
70 72
96 53
59 84
60 82
98 90
75 57
78 66
97 68
66 82
75 58
73 78
81 68
54 61
74 58
83 96
90 100
90 84
54 61
98 66
94 73
61 80
84 84
71 93
100 92
72 89
52 90
95 99
95 61
89 51
74 79
71 91
63 58
53 96
82 65
69 74
63 75
94 65
52 58
66 54
65 64
61 53
74 64
77 60
83 92
74 56
59 70
73 86
63 61
60 99
85 68
93 94
59 99
69 71
62 52
53 74
57 62
65 52
97 76
71 84
63 54
87 50
68 71
63 70
67 96
77 56
95 88
54 97
81 79
61 89
77 75
82 60
100 97
72 61
55 80
68 57
66 53
64 94
100 96
90 75
93 52
86 80
77 67
53 81
73 81
100 99
52 77
58 100
82 77
87 61
97 62
76 75
55 77
64 51
63 93
53 97
74 76
73 72
88 53
92 63
57 61
62 94
85 51
61 65
75 54
89 82
53 50
70 66
85 99
68 82
92 63
93 96
52 74
54 57
61 92
60 97
88 75
65 58
69 69
68 87
51 95
96 57
93 86
97 67
77 91
87 89
56 86
73 97
100 64
98 86
65 62
89 86
72 87
73 79
92 91
64 59
51 96
84 79
94 71
51 84
66 81
63 97
51 93
53 51
95 95
92 95
50 79
63 91
61 91
88 53
51 88
74 98
60 65
96 86
56 93
61 70
59 71
69 68
54 73
66 54
68 86
58 72
88 70
70 57
81 52
51 67
93 87
64 54
82 74
93 59
63 81
50 84
68 76
53 98
86 91
94 64
76 81
80 61
58 79
86 52
94 58
79 70
53 97
51 57
52 84
68 54
99 82
92 57
92 95
59 52
98 59
81 81
57 59
71 62
85 57
90 56
52 51
58 85
90 77
52 62
56 51
84 58
95 67
93 74
73 76
67 89
78 62
64 73
82 66
80 91
73 76
60 99
78 65
75 95
60 78
54 62
60 91
92 93
55 52
67 88
89 65
69 59
91 87
92 76
97 81
52 95
93 84
76 85
99 51
69 84
84 52
78 88
57 61
98 62
94 50
75 82
69 100
73 97
53 79
77 95
53 74
51 59
62 70
60 55
77 84
73 73
64 99
67 73
82 67
61 74
86 63
50 56
63 94
100 98
80 82
76 61
79 66
73 91
80 93
94 74
98 62
71 99
74 70
75 53
87 67
66 75
592 98 932
96 81
62 64
76 88
73 63
88 52
87 52
50 100
89 91
73 91
63 92
78 100
67 95
81 63
56 84
76 95
70 57
74 65
90 70
76 89
99 71
53 73
94 59
100 66
99 55
94 71
77 87
75 56
77 78
63 54
92 79
75 70
81 53
89 95
54 81
69 85
55 73
59 53
86 51
63 69
83 97
64 80
94 50
91 93
63 67
86 90
90 92
95 58
50 50
75 74
62 98
50 86
83 99
59 94
88 93
54 92
73 54
83 58
81 88
89 59
89 67
51 72
67 91
58 61
70 96
89 99
60 61
75 55
57 100
95 76
69 50
74 90
55 60
64 67
72 73
72 50
58 65
89 65
81 76
82 67
68 91
81 64
87 61
62 66
79 69
75 50
98 82
62 77
64 92
74 68
57 64
62 53
60 61
90 90
67 82
84 65
93 50
92 55
58 81
76 63
56 100
53 65
87 92
95 56
74 78
81 55
63 74
67 95
96 58
99 93
54 79
80 100
89 96
72 71
58 98
98 79
80 96
55 58
62 78
79 68
73 84
77 52
53 93
56 58
74 90
69 62
64 80
74 56
54 98
62 93
67 95
70 50
99 60
59 84
79 58
50 71
55 55
60 69
69 99
70 62
60 100
57 94
94 89
77 94
90 99
51 86
97 96
77 77
99 59
80 81
55 80
78 82
93 95
62 89
52 76
69 72
56 100
81 98
66 82
100 60
83 84
55 74
56 100
68 89
86 97
90 83
81 64
77 93
87 80
95 64
80 93
83 72
92 83
68 69
81 89
71 55
97 55
72 89
83 62
92 69
72 76
62 93
89 71
75 68
57 54
52 59
90 59
90 99
52 68
80 85
98 93
76 68
52 53
66 57
100 80
53 55
80 76
54 53
58 69
58 98
83 50
89 76
90 50
92 85
62 99
56 57
72 52
99 54
99 72
84 82
50 73
59 83
61 94
89 80
54 93
63 94
87 78
86 88
57 76
89 75
70 79
67 79
84 66
85 50
91 75
85 52
81 71
82 69
54 60
89 60
59 68
72 79
63 52
95 92
70 90
56 66
64 59
83 57
53 83
90 76
89 65
68 53
100 97
74 62
70 85
61 63
83 54
70 54
97 62
63 59
80 88
99 71
92 92
75 86
52 50
65 78
79 93
58 71
50 100
70 65
72 82
60 74
75 97
68 65
81 77
91 67
85 82
83 95
96 55
94 50
52 77
60 83
81 88
100 58
61 64
89 88
100 98
78 75
52 92
91 54
71 100
62 61
58 82
52 82
71 89
82 87
61 60
95 62
90 50
56 76
70 63
81 60
73 56
61 94
69 94
50 52
81 71
54 67
59 59
59 69
71 76
94 95
95 77
81 68
92 81
58 90
77 71
61 80
99 76
85 83
68 93
91 98
63 71
78 73
81 55
94 92
58 93
84 55
57 73
100 67
55 60
75 93
89 93
80 76
92 65
68 51
52 61
100 84
92 83
95 59
61 83
98 80
62 50
58 50
64 80
81 73
82 63
54 91
56 84
95 53
81 96
98 98
75 69
99 84
55 76
58 77
51 51
59 94
95 99
98 68
86 75
75 100
51 69
89 99
98 73
91 98
97 60
55 85
91 51
87 82
89 92
91 75
89 72
93 85
98 82
79 78
59 71
59 74
62 66
99 52
64 53
82 62
70 60
76 84
80 66
54 66
80 70
60 91
52 71
74 90
77 86
95 78
59 62
73 50
68 86
99 72
64 58
92 77
56 77
71 55
67 81
68 55
73 77
54 77
81 54
82 67
100 66
59 94
78 88
81 94
100 80
82 54
93 60
88 53
64 93
68 58
97 72
80 99
81 81
57 76
54 73
90 60
78 77
69 72
88 91
95 66
88 78
57 82
63 75
58 87
80 73
71 56
57 61
84 85
66 79
62 84
87 95
66 95
50 63
93 89
89 67
61 60
86 98
98 62
96 93
88 51
81 79
93 67
75 93
82 76
71 68
84 68
83 73
95 72
75 52
79 72
76 51
73 69
91 68
89 78
56 60
76 100
54 73
97 82
54 94
61 70
56 97
53 86
78 66
68 97
69 68
68 82
88 50
90 66
96 76
68 50
78 78
88 81
61 93
63 96
79 58
53 55
60 99
66 96
61 86
62 54
87 87
88 85
85 99
65 76
89 95
56 57
50 55
65 93
72 99
56 86
56 98
89 50
96 85
88 100
78 83
89 81
68 74
72 58
96 69
57 77
64 88
94 78
70 75
79 74
84 78
60 59
87 74
70 77
53 73
61 64
88 79
61 85
65 87
63 81
72 73
92 80
55 99
97 98
75 99
55 55
97 55
98 51
75 70
65 50
98 60
81 59
76 63
62 89
90 97
96 61
75 74
89 74
87 68
81 85
80 94
65 76
79 56
77 54
64 73
64 78
94 96
68 94
90 68
76 83
89 68
57 68
72 73
94 88
89 85
83 70
90 52
95 65
63 86
66 68
73 91
98 89
79 53
96 89
84 93
51 66
61 85
89 75
87 54
59 80
91 88
51 94
59 87
84 100
96 86
82 54
97 69
68 73
53 62
76 87
65 87
79 60
53 97
85 90
89 66
90 68
73 75
66 89
90 91
64 81
65 100
63 82
70 53
86 53
98 78
61 50
83 83
95 81
93 70
74 81
91 91
64 77
57 57
940 22 836
71 78
62 69
69 97
61 94
83 98
58 67
50 50
84 93
62 100
78 55
57 66
84 71
57 51
68 65
74 51
56 92
86 56
72 90
91 84
84 76
60 53
55 52
81 54
80 96
64 64
93 82
90 51
67 81
73 61
75 77
79 100
93 68
95 72
73 89
62 99
61 77
92 91
65 53
95 55
100 82
60 73
94 98
73 99
94 88
56 99
77 94
84 59
93 61
66 98
66 51
90 99
80 82
73 78
57 95
56 90
90 57
50 83
61 54
74 93
83 52
61 79
94 74
52 99
71 59
96 90
72 80
67 96
58 62
65 80
90 91
58 99
75 98
80 81
90 64
70 84
88 77
59 79
88 51
70 50
66 68
96 60
82 52
79 96
70 78
93 96
90 97
57 69
76 54
95 54
100 78
53 80
54 96
94 86
64 61
84 54
63 97
53 96
53 80
87 59
90 51
96 55
71 72
88 73
83 93
89 84
83 66
79 95
86 91
90 62
81 97
87 58
77 67
57 96
54 84
74 50
52 93
68 84
95 91
97 76
68 69
95 89
76 56
80 88
90 60
57 81
97 98
95 82
76 100
57 72
66 78
71 62
80 93
72 79
62 86
71 99
76 96
90 98
67 75
55 78
52 89
89 92
97 68
56 78
87 69
64 79
75 87
78 92
59 96
68 70
73 89
75 52
94 56
58 76
52 77
73 82
80 84
93 72
70 53
73 73
92 91
91 67
66 62
83 57
58 51
85 90
99 100
79 76
82 67
66 52
77 90
54 76
70 83
60 71
62 90
92 51
92 75
90 88
60 74
77 72
81 81
94 54
90 92
79 99
81 96
54 53
50 94
71 71
69 83
55 77
93 75
70 87
98 77
68 76
60 79
94 64
98 98
60 56
97 85
54 75
57 81
93 90
68 57
73 100
89 71
84 53
98 62
82 78
59 63
97 100
58 73
61 87
71 76
74 76
52 93
90 55
78 87
65 51
78 95
79 94
66 60
80 72
82 63
93 98
64 57
83 81
60 83
52 85
60 67
50 99
58 80
76 94
72 67
75 83
70 89
60 57
60 51
93 94
61 85
65 90
75 100
50 74
90 92
76 50
64 81
71 89
73 69
72 57
76 88
62 69
62 65
74 64
68 58
55 72
63 81
96 62
90 70
72 73
80 66
72 100
100 68
83 93
75 84
65 93
79 93
59 100
82 93
68 52
79 86
87 97
67 95
96 88
64 80
68 66
79 57
100 83
98 64
54 64
52 93
55 85
92 76
74 80
90 65
92 62
84 67
85 59
71 97
54 51
55 62
55 99
72 76
79 72
96 85
75 65
64 60
76 86
92 75
80 91
92 84
51 60
68 93
97 71
88 88
89 96
51 58
68 77
71 63
92 75
84 100
100 88
51 62
75 70
83 69
50 67
53 67
89 76
63 99
82 59
79 78
83 67
92 61
83 79
74 51
98 96
97 99
75 60
69 98
85 86
82 56
64 95
100 51
91 52
88 55
51 75
63 100
69 64
71 64
68 76
80 63
66 60
72 71
75 83
69 88
87 68
75 84
98 70
100 72
52 69
68 65
55 89
50 83
59 65
81 79
82 87
74 93
63 96
89 61
56 83
93 70
80 71
86 92
55 100
66 76
64 57
100 87
78 55
99 91
63 86
79 64
89 76
65 54
57 63
89 75
66 77
87 85
56 93
100 55
82 80
99 61
77 53
100 59
70 59
84 73
67 60
86 83
60 59
98 63
86 100
51 50
71 59
74 56
80 83
71 51
61 89
74 64
88 91
57 87
97 93
98 56
66 78
56 95
83 89
59 83
52 72
54 68
88 55
66 64
56 80
95 94
51 68
58 52
77 50
76 71
52 86
88 96
96 99
58 85
72 60
100 50
71 83
96 87
75 92
55 96
86 72
82 77
57 82
58 91
79 65
97 93
94 84
93 66
56 51
59 69
88 88
74 85
64 74
81 65
58 86
50 89
100 89
84 77
96 80
98 92
60 70
65 56
77 100
60 57
66 80
61 96
84 62
76 87
99 62
52 95
75 61
78 53
80 96
67 61
61 50
60 71
69 65
53 96
87 99
86 68
84 68
99 74
78 87
67 99
72 73
52 92
58 60
98 53
53 95
57 60
94 78
86 57
59 97
50 56
66 69
58 86
63 70
67 77
91 95
60 91
70 95
77 68
93 96
71 51
75 51
53 85
67 89
76 78
79 97
81 83
81 83
72 85
62 81
77 79
75 82
53 71
54 52
94 94
55 83
78 82
68 85
53 93
76 92
58 85
97 64
81 90
80 82
67 85
95 99
88 97
80 74
77 70
93 99
100 84
67 94
92 76
57 99
98 82
85 96
51 70
61 71
94 91
65 79
72 83
90 71
86 59
56 62
77 63
55 68
57 52
60 63
95 95
54 74
81 90
80 95
86 100
75 60
91 55
51 93
83 88
80 79
65 61
89 93
95 65
78 87
60 86
82 88
79 87
83 87
72 51
70 88
92 70
53 89
74 65
70 95
79 57
68 79
88 53
55 94
54 91
75 75
64 71
50 58
64 88
98 52
75 52
80 57
74 78
55 55
50 87
52 76
88 52
57 61
99 56
66 95
74 63
98 60
72 67
72 90
71 73
62 64
82 70
65 69
53 58
87 53
99 70
55 51
98 92
80 73
56 70
85 85
77 54
60 74
53 66
60 87
90 77
62 89
90 87
88 78
68 65
67 74
51 91
63 92
56 72
89 76
100 86
65 71
84 55
69 73
83 79
55 54
89 61
58 64
99 52
86 68
81 83
81 85
53 96
63 94
56 53
52 66
71 63
84 52
84 64
52 75
98 58
75 74
87 80
83 89
51 68
98 65
58 71
80 73
75 59
61 71
100 62
93 54
83 92
72 78
61 97
92 61
91 50
98 74
75 67
71 69
78 81
57 82
82 72
78 76
79 94
92 72
98 65
89 74
97 62
70 72
94 79
74 64
79 65
68 70
97 77
65 58
85 68
75 69
60 74
67 99
94 51
67 78
64 86
78 71
99 99
87 86
77 51
84 73
94 76
82 64
63 61
52 74
80 99
100 82
52 73
74 91
63 97
64 63
62 88
62 69
66 94
72 93
62 72
94 79
50 54
57 50
91 52
55 99
62 53
63 98
79 100
60 82
75 94
53 89
94 50
70 72
91 79
55 74
96 99
80 87
78 89
71 55
59 72
62 57
95 92
96 59
67 68
89 67
61 63
55 78
71 61
84 53
61 63
60 89
66 79
54 87
59 100
81 86
61 95
80 55
81 79
79 51
50 65
82 82
87 61
82 98
66 87
57 75
71 51
55 88
61 83
85 100
70 63
69 82
59 100
52 75
70 92
50 77
78 72
59 84
83 74
95 75
61 98
60 70
84 59
54 57
77 58
78 51
75 84
52 82
63 71
55 69
94 68
81 73
81 63
69 82
71 60
57 70
60 98
100 78
59 100
63 54
96 84
99 91
66 63
60 61
76 79
84 83
63 58
74 81
55 93
69 93
80 98
78 63
65 80
69 77
50 69
78 78
60 65
63 65
61 89
60 78
54 73
85 79
68 97
83 97
50 56
87 55
73 57
75 100
63 52
50 97
62 73
98 95
87 52
85 57
73 92
71 88
94 52
79 62
61 73
84 61
92 56
52 76
94 69
64 62
74 75
78 93
63 68
87 94
97 91
62 60
97 88
53 78
72 67
55 73
95 78
66 86
77 68
87 87
78 100
97 97
89 67
84 68
54 73
97 80
51 98
90 76
59 68
90 63
70 54
92 87
63 89
99 54
92 86
90 68
84 79
91 70
70 63
68 53
54 61
91 51
50 63
90 56
82 63
67 90
60 57
58 51
94 53
61 54
76 53
68 77
77 60
61 70
68 76
98 90
74 58
57 96
83 82
50 56
60 66
57 65
69 83
57 92
97 56
50 83
60 69
81 95
84 60
68 66
67 77
64 63
67 52
56 68
96 68
62 55
59 57
98 61
92 89
66 78
99 87
94 59
95 61
83 72
90 62
83 83
55 84
61 66
55 69
79 73
75 95
65 51
65 81
53 89
64 96
97 64
94 71
67 55
84 89
96 75
50 86
63 66
95 98
82 58
59 87
77 54
60 56
77 96
92 84
92 98
69 77
50 80
50 76
68 77
80 88
64 84
67 90
89 76
91 86
67 61
67 51
50 82
100 85
53 83
74 74
74 54
73 60
70 79
54 83
90 53
70 50
60 77
80 59
920 758 863
86 74
68 66
98 55
79 83
85 96
70 50
64 85
92 60
67 67
62 74
63 96
95 64
65 92
92 89
87 96
97 94
76 65
94 83
97 88
85 84
88 68
53 53
56 83
67 88
54 97
85 66
87 97
84 85
92 58
68 78
85 95
77 75
77 79
98 65
73 98
55 76
54 94
100 78
68 91
100 54
87 60
59 67
92 67
60 84
61 74
98 65
74 62
92 59
82 94
58 96
68 67
81 82
93 64
81 98
86 100
78 89
66 86
51 72
50 85
69 68
100 84
61 63
70 97
98 97
92 53
59 96
51 96
64 87
58 97
94 50
81 57
61 79
55 65
86 63
93 52
62 62
73 78
89 82
87 70
80 78
71 70
83 92
90 73
69 65
79 88
85 98
68 61
91 74
63 67
90 50
76 58
69 81
62 88
76 72
83 71
72 57
85 71
88 78
71 97
54 83
52 54
64 55
78 79
51 50
63 92
85 81
54 96
75 64
67 69
86 97
88 81
71 72
68 91
100 65
57 75
77 52
67 61
66 61
52 78
98 62
87 74
89 70
51 59
57 53
51 87
88 61
82 86
79 66
100 64
71 97
64 99
89 71
77 81
83 86
55 56
54 74
54 84
74 65
78 95
54 85
92 54
71 58
82 95
82 76
73 73
72 85
56 80
52 56
68 73
73 59
85 70
73 80
71 72
81 100
54 91
67 69
91 79
77 86
62 82
90 50
80 78
93 98
50 90
69 80
51 74
85 55
56 74
79 95
88 86
54 75
56 98
99 97
74 98
70 50
76 54
74 55
94 58
71 66
93 53
74 87
55 99
90 67
78 81
77 76
76 51
67 91
62 86
84 97
59 75
63 90
87 75
54 91
93 92
74 71
83 94
95 72
78 93
68 56
97 96
88 69
92 74
88 59
65 92
50 75
65 74
93 100
94 80
72 56
85 56
78 62
88 80
76 55
86 95
78 79
69 61
95 54
70 67
60 50
52 56
95 53
96 84
93 84
99 50
58 60
58 72
66 59
87 66
53 94
86 86
66 97
93 77
90 74
57 69
73 66
76 72
55 68
97 89
64 81
71 100
68 76
90 92
97 66
67 58
56 100
99 97
100 65
53 94
68 75
65 79
71 87
75 91
81 83
62 95
84 53
71 58
97 100
57 60
86 69
70 82
67 59
89 89
82 68
67 89
64 73
62 57
76 100
90 77
51 63
57 52
81 95
68 78
59 93
97 52
70 99
94 63
58 72
79 56
64 98
97 94
68 77
89 57
100 62
73 78
76 67
65 77
52 81
62 99
79 70
79 52
90 85
53 90
56 54
85 53
59 69
64 76
65 79
58 61
60 88
75 91
67 65
51 93
80 63
78 82
55 97
75 93
72 95
58 82
82 85
88 99
91 83
93 95
80 64
56 57
74 78
100 64
81 67
79 53
62 93
86 50
80 62
76 100
76 52
100 69
62 61
68 97
65 77
98 99
75 91
83 98
70 92
59 79
63 81
98 82
57 100
85 93
69 61
64 65
51 75
81 53
72 65
60 59
71 63
58 73
96 99
89 92
81 56
79 57
50 60
62 50
71 54
70 73
81 58
62 59
58 90
59 55
61 50
65 66
80 93
55 100
51 69
62 82
50 87
50 68
74 70
84 91
97 50
62 85
75 68
79 89
62 72
75 55
72 59
56 98
100 66
53 83
70 68
87 56
82 54
59 76
83 67
97 97
84 85
52 86
61 53
71 91
83 71
88 77
75 84
54 59
89 61
84 89
95 77
92 84
56 86
66 74
73 65
69 52
80 72
89 78
91 96
94 57
54 75
97 81
91 83
79 88
74 77
81 84
95 87
54 88
82 55
68 96
81 71
84 96
88 97
97 69
79 61
63 93
98 88
100 60
91 53
92 51
72 69
83 67
54 53
58 51
89 92
79 88
65 84
83 57
71 89
97 90
64 93
87 98
77 84
69 64
78 70
58 70
82 86
100 64
61 89
72 57
95 83
62 71
56 91
85 99
72 83
84 52
52 59
68 50
59 71
91 55
96 82
74 53
86 53
79 80
62 65
60 82
77 83
83 95
60 80
71 94
50 59
75 69
66 68
82 68
78 100
76 78
84 63
60 77
74 54
75 78
59 97
77 94
94 57
54 71
89 52
83 96
87 75
50 83
80 65
68 98
73 55
60 84
50 92
89 76
67 72
78 60
52 54
97 50
97 67
64 84
61 89
70 71
90 99
83 69
89 51
78 67
62 52
75 61
87 93
58 55
75 100
66 51
98 78
95 91
56 86
95 87
84 91
70 77
53 76
98 57
81 71
58 76
91 61
96 67
71 82
80 97
61 59
69 76
69 61
79 94
86 64
52 62
65 79
69 50
70 70
50 80
59 50
74 61
64 56
82 53
57 93
77 81
68 71
51 66
73 69
86 88
61 51
95 69
56 80
77 95
66 86
88 59
63 81
95 100
60 64
99 100
87 97
75 80
78 70
61 66
83 100
79 91
86 66
95 95
60 55
78 75
99 74
98 59
74 89
59 75
66 78
78 76
90 94
84 74
67 68
86 97
95 91
60 62
87 78
93 97
69 95
53 65
76 57
56 67
52 83
97 51
90 75
81 84
57 67
72 67
53 98
67 63
50 87
90 98
80 74
100 90
53 83
93 75
84 65
94 72
79 78
92 66
67 97
66 94
56 54
80 93
55 60
72 56
52 56
93 80
51 55
55 89
96 86
59 88
60 70
78 56
63 57
76 52
70 52
60 51
95 67
55 93
66 78
78 86
75 97
80 54
89 75
61 81
72 61
90 93
75 54
100 75
100 84
98 73
74 91
52 52
98 77
63 89
63 62
73 71
90 74
93 60
67 78
86 71
82 75
76 87
84 51
82 65
71 91
99 56
87 85
66 74
90 96
56 59
64 76
61 53
85 89
72 74
58 62
71 83
73 63
66 65
50 67
63 97
57 62
60 84
86 56
52 86
61 60
94 86
76 67
83 79
92 85
83 93
95 92
74 64
58 61
76 87
72 59
82 83
57 69
74 99
91 79
98 84
95 98
62 70
94 50
52 60
82 50
81 78
76 56
52 85
77 63
53 71
93 97
99 50
85 83
50 77
76 78
88 87
55 71
87 50
81 79
85 75
95 80
58 92
91 65
83 98
84 87
85 80
81 73
80 71
69 94
64 84
85 60
84 81
60 51
94 78
72 89
88 94
51 89
66 53
74 92
84 98
95 62
60 66
75 99
79 90
86 60
52 87
59 79
93 77
75 86
68 81
90 90
55 52
83 76
80 69
68 79
68 87
99 64
62 60
67 93
67 78
80 70
86 85
56 66
69 52
84 76
96 88
53 51
51 89
78 54
90 69
68 73
66 51
77 64
60 50
88 78
82 99
52 54
79 60
63 50
68 82
96 83
75 66
69 51
67 62
70 73
58 57
95 64
52 71
71 54
69 67
63 79
76 100
61 77
96 81
78 95
97 88
52 50
86 72
71 90
74 87
62 93
60 58
89 78
84 87
50 86
52 64
70 93
61 77
92 80
85 71
51 86
59 58
65 58
76 98
70 79
53 76
95 71
55 58
50 64
72 97
65 72
62 56
97 57
84 94
56 56
75 96
77 84
68 55
94 68
57 58
74 63
50 83
65 86
66 94
87 82
72 92
83 88
51 67
82 78
52 71
60 56
52 85
65 54
77 69
97 50
89 90
71 61
88 79
82 99
85 99
73 61
90 82
71 64
83 61
66 78
99 88
83 56
92 59
93 77
70 76
75 76
63 93
56 92
91 70
97 97
88 54
52 80
86 80
58 72
90 90
81 99
58 82
69 56
88 58
82 55
82 89
67 86
88 50
77 78
77 98
57 63
54 75
77 65
74 79
59 85
96 59
99 57
56 74
100 80
66 81
74 64
55 73
97 92
80 57
81 54
88 71
59 57
65 57
69 57
79 91
56 88
68 99
62 71
55 78
67 76
92 95
94 76
74 74
66 91
81 51
63 90
54 55
62 85
65 68
84 67
52 92
82 53
85 90
96 73
64 88
75 94
61 52
79 94
75 58
95 92
57 75
54 87
72 72
89 90
92 89
60 54
93 77
78 99
84 82
60 50
92 98
61 71
53 57
85 100
64 79
83 85
91 81
61 97
50 93
88 85
693 600 952
63 53
82 94
84 91
75 78
94 96
62 87
53 78
54 98
88 59
96 84
60 96
72 75
76 53
51 54
81 60
77 66
69 100
94 78
87 53
79 71
51 79
63 81
91 62
94 100
66 70
52 57
77 91
94 67
85 63
74 83
97 98
57 89
99 72
92 53
72 78
100 91
96 54
96 76
76 94
62 76
75 57
72 79
59 57
60 67
86 51
82 60
98 72
51 86
73 88
88 55
78 63
62 74
50 57
54 93
98 89
77 59
57 75
85 65
60 53
98 74
66 60
50 60
97 97
75 92
68 75
91 88
71 97
74 98
91 97
98 100
50 80
77 77
90 92
94 74
53 65
84 54
70 77
68 99
87 64
64 96
92 93
85 72
84 72
100 75
65 96
97 86
54 92
81 56
94 66
97 61
69 72
74 69
64 98
70 83
58 94
85 63
66 83
89 68
82 69
82 69
81 69
86 59
66 65
53 81
99 77
70 84
81 50
99 81
94 73
72 61
95 77
88 83
55 88
87 73
58 81
51 88
61 73
95 83
55 86
90 88
51 94
61 92
64 89
89 51
51 98
89 58
62 76
72 98
82 70
61 90
57 75
97 75
84 64
87 91
59 69
97 74
94 98
59 64
84 72
72 71
73 82
66 64
97 68
72 85
50 92
71 82
99 56
89 50
70 73
96 83
72 66
93 57
88 67
68 91
77 78
93 93
56 66
51 74
68 84
69 55
90 58
93 83
80 80
74 60
97 89
91 69
82 56
95 55
65 99
100 74
54 63
91 63
96 64
93 69
82 58
92 100
72 71
74 88
70 78
76 98
69 94
87 87
73 99
72 75
81 64
54 64
84 68
65 52
83 93
69 89
73 53
97 83
52 98
66 65
84 91
95 99
50 57
78 91
64 55
79 81
66 71
65 55
78 85
76 68
81 63
50 65
80 83
85 62
74 58
73 78
100 54
99 69
83 72
77 90
74 86
85 93
81 51
60 95
94 100
69 97
66 74
69 81
88 96
50 60
60 65
74 70
86 81
76 72
67 100
75 67
74 58
75 99
90 95
57 65
50 63
71 80
88 72
52 61
92 57
60 79
58 84
65 70
93 51
72 62
100 66
88 79
56 97
97 83
98 66
60 72
77 99
77 97
71 85
94 54
82 60
76 76
51 92
65 57
73 56
77 56
73 94
61 60
94 58
77 83
65 83
62 75
74 70
65 61
52 72
74 70
58 52
56 98
50 95
98 59
64 62
58 82
84 70
73 78
78 86
79 87
99 74
53 93
100 58
91 57
60 100
65 98
66 59
66 99
65 99
72 68
70 81
67 71
71 79
96 76
56 92
83 94
79 95
56 57
64 67
74 75
84 86
69 55
75 51
78 50
64 98
55 99
99 77
62 53
65 65
80 86
85 96
68 61
80 52
88 60
97 51
95 67
55 72
90 88
53 67
70 78
96 61
100 63
68 100
64 65
62 69
51 72
57 50
66 84
65 72
98 90
92 85
56 93
93 78
93 56
93 84
86 76
54 96
66 57
79 60
67 93
62 78
72 74
85 81
98 82
50 96
94 55
58 66
87 95
57 56
74 92
55 58
91 90
82 53
70 68
51 90
60 60
55 80
74 99
64 89
86 50
59 57
90 97
52 61
67 90
72 54
51 91
87 58
53 53
75 85
100 64
66 90
50 64
80 92
96 96
62 62
93 99
99 85
73 66
55 54
92 79
88 50
60 75
87 92
87 80
95 100
56 93
57 56
75 78
97 97
72 51
97 81
60 90
58 79
94 60
75 87
89 81
92 61
82 64
90 85
92 51
57 53
68 70
61 87
68 78
78 57
68 82
55 89
89 59
71 80
90 80
64 79
59 63
65 53
85 68
53 83
77 94
76 69
79 74
77 68
86 53
85 57
85 78
85 89
89 50
86 81
72 75
66 94
100 83
87 98
81 97
73 92
71 69
88 76
90 59
65 72
51 78
66 80
86 87
55 59
58 99
64 97
56 64
96 71
56 92
74 81
57 71
71 64
69 90
87 87
54 68
50 58
61 89
54 89
93 58
89 98
85 76
62 68
74 80
77 94
67 52
96 87
68 73
78 76
61 95
66 70
76 93
57 60
67 93
90 76
61 99
51 100
91 76
55 56
91 62
83 77
51 68
66 61
97 75
91 57
51 79
98 100
93 51
66 68
60 83
55 63
52 61
97 52
94 95
75 98
75 70
83 99
73 69
50 57
86 78
98 80
69 79
68 63
61 74
99 69
72 96
75 58
90 81
62 67
93 63
60 93
84 63
80 95
69 72
87 52
54 84
51 50
80 83
72 95
51 96
88 100
62 87
53 68
70 53
100 53
56 84
57 86
74 67
87 74
95 90
65 62
78 50
100 82
74 70
75 78
76 66
93 61
82 79
90 69
69 81
58 86
78 53
95 85
79 96
65 56
64 61
94 64
64 62
57 79
54 68
89 59
82 83
100 75
77 50
54 62
83 72
98 91
99 61
71 67
91 95
85 72
95 57
75 76
100 98
67 91
61 65
88 88
83 56
92 93
74 86
74 79
57 96
59 76
99 87
99 89
55 67
53 73
99 72
59 56
79 82
63 70
81 68
87 90
64 73
91 77
51 62
97 92
65 64
97 50
96 84
76 99
66 83
72 67
63 67
94 85
54 60
88 88
81 70
55 84
62 76
67 86
58 53
77 95
82 67
64 87
61 51
65 87
86 98
93 82
79 73
66 79
73 76
67 89
89 67
61 61
89 59
93 80
93 59
89 56
76 57
81 83
69 100
54 64
71 63
71 68
93 71
74 69
60 89
97 54
55 61
54 59
62 89
64 81
92 83
54 86
94 55
59 52
92 50
55 73
60 77
69 73
94 95
87 67
96 66
50 69
62 69
89 81
70 50
72 60
83 51
73 51
69 55
95 99
54 91
64 75
90 71
88 89
67 57
82 77
100 100
61 59
84 53
88 64
73 77
99 75
92 55
58 57
91 74
96 59
94 89
70 53
62 98
69 90
68 91
88 67
68 86
87 99
96 65
51 57
77 66
94 68
75 86
77 90
72 51
90 50
91 67
56 70
81 58
98 82
69 83
93 91
88 94
84 65
74 98
66 74
54 51
74 84
54 84
67 95
932 224 748
51 72
67 94
70 81
79 98
57 95
65 84
60 78
55 97
76 76
67 64
61 86
53 80
73 61
84 58
100 78
94 92
89 61
90 60
61 81
58 59
60 62
57 91
57 67
82 64
54 50
57 67
61 59
95 97
71 66
58 95
89 85
85 86
73 98
50 99
92 79
51 79
75 87
84 62
59 89
69 75
63 63
55 91
88 63
65 77
77 70
80 59
100 76
62 65
60 98
84 97
57 64
55 96
63 61
98 94
78 91
83 85
97 85
56 65
95 89
74 91
90 93
58 70
72 69
77 74
54 78
54 67
67 97
53 68
61 50
59 63
50 52
63 78
53 69
67 54
90 56
61 72
60 57
92 90
74 59
99 76
84 61
78 75
85 91
95 91
61 100
64 73
71 54
73 97
57 65
52 80
92 87
52 50
50 95
96 51
73 70
90 89
50 68
55 74
67 80
78 80
61 62
67 84
52 59
68 56
67 64
83 63
100 87
60 97
69 75
78 67
96 90
85 99
92 72
53 84
86 70
67 60
83 62
91 64
81 55
83 99
94 78
50 65
53 67
50 88
62 56
65 87
60 61
63 96
50 66
50 94
68 87
51 62
84 77
88 67
63 60
94 93
71 68
96 67
83 55
67 90
85 89
71 50
73 96
50 81
97 69
70 58
86 78
75 69
67 63
53 58
59 78
92 52
94 50
63 67
50 60
54 54
58 83
54 82
98 97
96 57
96 55
60 77
74 75
87 75
91 80
90 86
75 99
62 61
87 82
80 64
64 98
67 63
100 79
59 88
85 75
96 78
89 63
83 52
82 65
61 83
74 97
76 100
61 55
91 91
99 51
97 91
61 59
72 70
89 52
68 67
66 64
92 86
80 60
81 80
55 65
77 82
73 96
86 88
76 98
79 82
99 94
84 52
78 79
88 56
53 62
66 51
64 96
69 76
57 91
52 58
81 64
65 79
76 53
88 81
54 100
83 58
80 73
78 98
58 89
63 51
96 51
53 94
53 62
51 86
81 66
76 84
50 92
76 91
54 94
83 62
81 62
89 97
96 52
63 80
51 93
61 89
76 64
64 67
92 50
79 93
78 72
79 53
67 94
75 70
78 60
62 91
74 86
97 56
67 59
63 89
76 59
100 55
61 67
80 52
52 65
92 80
62 64
68 89
56 96
84 55
63 88
74 89
96 94
55 93
86 90
58 78
60 98
99 60
59 58
93 56
92 75
88 100
51 56
85 57
56 57
62 92
51 89
80 58
52 87
51 64
74 63
52 90
72 61
89 64
77 62
75 94
51 66
81 76
53 91
51 62
80 50
86 62
97 58
74 96
61 78
67 55
90 83
53 65
52 70
52 62
77 93
81 52
70 62
84 62
63 86
55 51
100 82
53 98
87 95
64 83
94 68
68 54
97 63
62 81
59 100
79 69
87 78
100 52
67 90
52 98
69 66
52 63
55 96
65 82
58 53
63 96
90 72
53 59
97 88
94 95
62 60
66 72
91 54
76 78
100 91
54 95
74 73
92 92
81 71
99 58
99 52
97 52
83 57
99 78
62 54
85 87
66 64
64 100
68 56
94 73
79 76
61 97
86 94
59 90
78 52
53 90
76 78
66 88
82 80
70 52
89 91
76 63
69 99
64 98
76 68
76 72
74 53
84 76
54 72
81 99
65 61
53 88
80 88
93 96
79 69
53 70
75 76
68 61
63 70
68 97
66 97
98 56
63 62
98 70
89 74
64 65
57 84
80 51
78 55
90 68
59 83
95 89
53 57
63 77
67 76
85 72
79 58
51 96
91 94
88 82
80 85
58 75
71 50
80 85
82 97
93 95
73 95
58 68
95 58
66 81
98 81
62 50
55 62
59 54
93 66
76 57
92 73
79 54
62 82
63 52
53 84
98 69
69 64
52 67
51 64
56 77
63 61
90 97
95 86
86 88
55 60
63 72
99 93
70 78
69 84
69 65
54 64
54 69
69 52
98 53
86 54
93 93
91 94
87 52
87 99
93 69
54 93
79 66
53 64
75 65
84 94
79 89
64 59
94 66
82 99
60 89
92 81
74 69
91 71
53 75
97 81
83 93
59 100
95 62
74 63
79 51
52 64
79 88
92 84
68 55
86 55
55 86
64 86
61 64
50 51
68 50
58 71
60 75
57 98
95 100
58 69
88 67
70 99
97 97
75 61
79 71
89 61
98 98
95 85
75 91
67 63
95 79
63 67
76 92
58 78
60 93
64 84
76 60
55 92
74 62
85 100
61 61
92 57
72 97
75 72
66 55
68 95
81 64
97 95
67 63
78 88
64 52
53 91
88 54
50 83
86 91
59 95
69 67
100 81
75 52
83 90
85 55
52 55
69 96
62 61
51 99
90 71
84 94
68 74
98 61
52 77
82 77
79 89
53 75
59 92
66 89
58 51
56 60
57 75
65 50
73 86
86 86
95 50
99 68
90 75
66 100
51 73
73 72
90 87
96 51
94 95
96 80
83 68
77 75
59 68
85 59
70 54
77 73
76 75
69 96
92 52
76 82
99 68
91 65
76 74
97 73
58 84
84 80
77 66
50 85
70 99
88 62
93 90
67 99
93 63
84 90
93 76
79 98
58 70
86 92
79 77
58 97
87 96
56 78
59 62
76 73
68 85
79 51
61 51
55 72
98 63
80 74
98 93
52 97
96 89
75 73
77 51
85 53
53 93
86 85
66 100
85 96
80 71
95 69
92 97
93 90
59 73
65 75
79 61
76 74
69 93
90 63
72 56
86 80
98 63
89 69
98 63
98 99
64 83
73 86
88 89
86 87
68 91
83 99
72 89
86 57
50 58
95 96
74 63
99 88
64 83
96 90
70 50
56 65
82 60
97 95
83 53
64 79
80 82
88 83
74 71
97 98
96 97
64 57
59 72
53 52
65 97
80 55
100 52
54 68
74 71
63 52
56 91
70 80
83 82
72 50
90 76
65 64
52 58
96 60
55 89
58 53
75 95
92 71
56 80
95 99
85 91
87 81
98 70
65 77
74 67
58 85
77 57
62 79
95 80
68 100
61 97
75 76
88 68
87 60
54 68
88 62
62 84
75 89
57 97
97 51
78 79
77 64
80 88
92 55
52 90
69 62
71 94
73 63
53 59
73 64
99 59
58 59
54 72
70 85
82 91
66 53
92 69
50 90
52 59
83 69
83 94
99 70
68 80
86 100
78 62
86 86
58 90
93 94
57 78
95 97
69 81
67 96
94 97
96 95
67 81
91 74
87 76
62 92
93 66
93 63
71 98
60 71
97 51
85 95
99 78
90 91
63 74
73 94
84 74
100 79
85 50
97 100
57 85
92 100
95 72
76 83
51 70
81 52
83 90
80 97
87 64
93 54
93 68
66 75
57 95
52 73
88 52
50 59
73 79
95 80
60 77
66 88
99 61
52 65
71 82
95 52
90 93
79 78
84 55
53 76
53 58
55 81
92 83
50 86
81 88
91 53
69 82
51 97
53 59
87 71
90 72
62 81
68 95
57 99
79 58
100 93
88 71
50 76
93 86
90 56
57 89
89 59
65 91
58 76
56 59
92 100
52 52
71 60
70 66
70 82
88 97
69 69
60 75
90 50
75 98
55 76
53 60
89 52
79 64
68 91
95 84
59 50
83 59
64 88
95 100
74 55
50 51
71 81
71 98
58 67
70 52
99 61
67 80
89 70
96 67
79 81
72 90
87 82
74 89
69 55
88 83
98 64
83 76
65 67
61 85
88 63
87 65
96 83
85 72
74 81
72 68
98 76
89 98
99 87
66 91
73 98
78 79
77 95
56 59
74 63
64 98
91 92
78 87
81 65
89 72
94 83
81 85
89 99
78 75
97 96
99 69
52 72
78 76
93 97
80 65
56 57
95 67
92 72
54 65
65 85
77 76
60 82
60 96
54 72
69 81
86 82
84 86
55 94
63 100
90 52
87 69
87 72
51 76
71 78
71 73
83 91
52 68
57 73
56 51
93 79
77 75
52 70
62 83
78 51
58 61
82 90
52 79
89 86
85 67
59 91
70 81
71 64
94 53
88 66
98 97
99 59
80 62
86 67
69 65
98 52
62 83
61 89
59 52
81 78
86 68
96 88
96 79
75 97
80 65
73 85
91 79
65 78
90 84
89 65
87 65
52 68
80 59
98 59
99 52
51 63
76 62
75 86
58 75
90 66
82 58
64 87
841 744 624
66 97
81 59
82 100
56 80
87 72
62 60
61 69
66 73
83 93
87 63
67 76
93 51
56 75
97 89
74 99
89 83
51 99
65 76
57 50
58 83
61 86
94 63
67 72
66 71
66 94
100 62
74 93
88 51
57 96
93 73
91 87
80 50
87 93
56 79
62 99
83 70
93 50
74 94
99 52
100 73
90 68
63 51
56 54
89 74
73 88
59 75
87 54
69 79
92 55
81 99
57 54
69 80
86 66
84 80
76 66
59 77
69 84
94 85
85 53
76 89
72 67
68 69
75 94
62 76
61 61
84 100
52 72
81 64
64 74
93 82
50 79
50 97
59 94
61 96
65 53
85 59
95 51
87 61
96 76
95 94
51 71
61 85
75 75
57 78
80 82
74 65
72 98
65 53
71 59
99 75
93 81
64 60
51 69
83 100
64 61
72 79
95 74
92 84
81 97
88 68
97 89
84 95
83 80
86 65
97 76
76 90
83 94
79 65
79 85
99 82
95 64
57 85
100 64
67 86
64 65
62 83
93 87
80 58
61 88
56 82
95 88
96 54
53 97
58 75
54 68
72 99
84 83
57 57
86 61
58 97
80 96
92 67
88 64
73 69
80 73
82 69
95 67
95 63
99 61
53 55
52 56
75 90
55 88
75 73
78 87
71 78
60 57
83 65
68 92
60 83
55 100
59 52
94 79
85 86
54 99
77 74
55 81
51 57
66 68
61 75
88 82
68 54
59 72
86 53
63 84
98 55
83 50
96 57
98 99
71 67
50 57
72 81
71 95
96 75
88 55
96 60
60 76
67 57
91 83
100 67
78 83
71 93
65 69
75 65
74 75
50 76
91 100
57 54
52 75
91 70
53 76
96 78
66 62
93 50
86 76
84 98
71 94
95 77
52 93
69 59
60 78
50 76
54 95
71 63
53 85
70 52
77 98
69 78
70 66
68 74
56 74
63 60
69 96
80 79
55 95
82 77
69 62
90 65
92 89
83 57
61 71
99 51
71 77
83 62
91 98
98 56
61 79
62 81
92 53
91 86
66 90
90 70
56 58
80 82
56 51
86 98
77 65
89 58
71 61
53 84
75 55
89 61
81 83
79 86
65 88
61 90
64 69
65 65
99 51
85 59
77 72
74 79
80 62
73 81
69 75
74 67
99 79
97 61
85 53
77 81
65 52
60 100
89 82
56 50
59 96
86 81
71 73
67 97
90 86
92 87
74 93
79 76
61 63
80 96
52 93
73 56
62 62
66 62
92 67
60 66
88 63
57 96
70 57
51 87
59 94
69 52
80 54
68 50
79 85
54 76
77 53
79 63
64 71
99 64
55 100
68 96
98 79
79 52
58 71
86 100
78 55
79 68
68 100
63 50
80 84
91 97
65 86
72 51
56 94
86 72
83 71
59 70
68 53
53 66
86 79
77 90
69 53
75 76
74 68
83 76
89 64
88 71
91 87
97 91
52 78
99 71
68 67
77 94
57 63
90 91
92 95
85 80
71 63
86 76
99 67
100 91
93 96
87 54
57 92
66 99
79 52
92 99
73 58
54 68
74 76
64 87
100 71
57 72
54 73
82 52
86 66
68 74
54 88
63 55
64 85
55 51
83 66
95 69
90 96
86 68
88 72
98 76
50 91
60 88
96 64
79 65
58 82
99 91
70 87
89 75
88 96
57 82
61 55
85 90
100 71
96 51
57 63
52 86
70 82
73 95
90 52
91 87
72 51
93 79
69 54
97 63
81 69
57 91
52 99
58 76
70 65
95 65
81 78
50 93
74 76
55 89
90 87
85 80
83 58
85 80
64 97
94 56
96 92
73 95
53 78
98 57
80 69
81 57
64 85
62 99
81 73
90 90
90 57
100 75
56 69
53 80
85 92
72 52
89 61
70 92
60 79
64 73
98 97
72 73
80 87
70 98
76 83
88 89
64 60
66 94
94 77
78 83
51 75
55 55
85 69
97 77
91 78
52 50
74 80
90 61
62 60
98 78
58 90
92 62
58 93
50 56
74 97
95 58
63 92
80 83
89 97
92 61
77 88
74 85
80 70
97 57
62 75
56 99
88 78
54 76
92 52
88 89
62 98
65 99
60 64
92 53
99 61
78 82
62 87
83 96
88 57
95 52
51 81
62 85
90 100
89 77
50 61
89 59
65 80
69 67
50 84
92 96
100 65
50 78
94 63
96 60
64 82
96 58
63 81
61 74
92 76
85 87
80 94
59 71
82 53
69 71
94 70
66 64
62 76
89 64
90 62
51 78
66 62
62 56
58 82
93 73
56 53
83 61
50 77
51 55
93 55
75 97
66 99
69 67
58 72
58 63
70 89
96 82
51 99
86 64
53 92
74 89
90 87
72 77
68 84
95 94
77 76
56 84
68 97
58 97
88 57
83 94
80 96
82 54
85 68
69 54
52 83
70 62
86 82
65 62
96 100
91 76
99 68
89 95
79 96
80 74
93 99
81 73
54 88
95 76
100 53
79 87
87 94
87 80
60 54
64 80
82 59
72 99
73 65
82 76
71 50
89 65
77 82
94 55
54 90
68 80
91 75
52 95
74 65
56 62
72 73
51 95
79 71
71 94
64 87
69 100
51 74
52 88
83 60
85 59
82 84
70 79
68 94
84 73
53 82
89 99
98 89
51 64
53 71
54 71
92 77
78 57
82 76
60 60
73 75
65 61
74 62
60 63
84 80
72 62
95 77
74 87
74 57
87 80
90 79
54 76
100 53
74 88
70 97
88 72
92 88
58 100
82 72
100 54
70 95
88 70
85 72
82 71
63 54
79 74
83 51
52 99
96 79
94 73
57 63
93 81
54 100
72 83
91 80
100 60
85 65
81 62
90 58
95 54
70 92
89 97
50 79
81 95
94 92
77 73
84 86
78 82
56 51
73 77
71 70
76 70
84 64
61 62
51 72
71 69
64 98
100 81
77 80
53 50
55 87
88 85
89 52
53 79
58 92
74 68
66 79
76 61
98 90
50 53
94 66
74 51
90 97
91 95
72 61
86 63
86 88
54 85
56 69
88 80
81 70
51 79
76 60
69 83
90 76
80 73
77 51
68 73
77 83
95 89
69 75
84 73
86 50
65 68
53 57
77 69
88 70
56 59
75 74
97 63
90 76
92 83
66 96
77 50
69 85
96 69
62 66
93 53
58 92
100 84
50 67
84 93
94 75
61 75
99 68
77 75
96 90
73 73
79 62
91 72
68 71
73 95
70 97
86 65
74 88
68 87
59 94
86 99
60 52
94 90
76 56
64 93
95 60
86 73
71 73
59 67
75 59
50 58
57 66
51 50
78 54
86 93
67 75
62 92
68 87
90 58
93 53
51 91
79 72
77 99
86 85
74 70
82 72
53 86
74 89
86 65
92 79
77 73
73 100
94 72
76 63
53 80
94 52
64 89
50 90
85 78
65 51
62 71
77 80
92 87
96 54
62 77
93 91
68 50
51 75
100 54
53 65
89 63
58 54
50 94
50 71
72 94
65 88
52 69
53 77
69 89
68 69
76 57
87 60
90 55
99 72
64 64
70 100
74 70
52 56
88 65
76 95
84 67
77 58
100 57
90 61
60 60
71 78
73 88
89 81
76 70
51 83
68 78
64 59
80 94
97 71
93 57
95 85
65 75
60 50
58 65
75 87
72 90
56 86
90 76
71 82
94 53
98 79
77 84
53 59
92 62
53 57
69 83
74 57
63 52
82 91
61 86
78 94
74 72
63 50
90 62
70 100
71 52
54 52
51 59
82 92
59 63
100 100
52 64
63 57
94 98
68 86
580 467 934
98 87
77 92
87 66
51 91
99 52
64 97
68 78
82 83
98 85
54 78
70 86
51 93
59 67
84 59
96 53
71 75
94 75
89 56
80 93
92 53
61 72
64 58
71 52
88 84
81 51
83 90
68 55
98 50
71 85
90 78
97 74
66 88
64 72
50 53
65 54
83 74
89 65
86 79
89 57
57 81
96 76
94 94
78 53
92 71
73 62
68 89
80 68
88 55
75 100
97 51
66 64
56 71
81 83
95 61
94 75
71 54
84 77
59 84
74 65
96 73
78 95
51 79
90 67
74 64
83 94
89 91
63 64
58 100
85 56
83 84
99 93
63 77
73 86
64 69
75 78
94 95
51 93
82 75
71 88
82 97
61 93
95 85
74 56
81 66
72 90
53 58
68 78
61 61
71 83
97 57
68 52
60 88
83 75
98 84
75 62
88 61
53 78
84 93
50 99
95 51
55 55
90 94
57 56
66 88
69 79
67 50
74 53
67 97
71 92
68 53
81 72
67 63
52 95
77 74
80 74
95 80
51 59
99 77
70 92
82 74
83 57
90 83
80 94
59 64
73 73
51 58
55 55
79 51
77 55
84 89
64 53
57 69
93 68
58 97
68 52
67 51
78 91
93 68
95 53
93 68
74 54
54 72
84 83
100 89
55 78
62 57
54 60
96 77
85 80
60 70
50 88
98 92
52 55
82 64
60 66
65 92
56 57
69 91
75 87
74 65
85 84
75 56
95 91
68 99
98 51
81 90
84 87
91 73
89 68
72 90
89 87
72 78
100 76
51 97
76 53
90 64
50 93
55 85
89 94
100 89
64 93
100 53
65 85
99 74
73 93
74 73
91 85
62 73
93 86
86 77
87 100
91 100
96 90
81 84
96 74
87 71
74 82
99 68
66 98
96 75
98 81
73 53
89 97
83 60
99 73
89 65
86 87
85 86
71 92
86 80
54 59
78 76
99 98
57 92
53 66
86 72
53 88
52 87
80 65
84 84
56 78
52 51
99 79
95 84
87 74
69 50
55 68
59 65
88 82
61 99
50 59
57 66
56 93
89 93
97 74
99 63
76 56
57 95
65 51
64 90
84 70
67 94
80 64
91 69
88 63
85 70
55 75
80 85
82 79
75 56
61 79
50 56
71 83
94 55
70 88
65 78
57 88
64 56
55 89
87 62
60 54
70 62
94 91
68 98
84 95
94 59
60 68
90 65
87 74
89 57
97 64
70 62
80 70
78 96
100 75
80 57
69 88
99 100
86 74
65 80
57 81
69 56
50 81
71 60
83 71
74 53
66 94
75 75
79 76
100 97
98 99
78 53
86 64
52 94
96 77
98 50
100 75
57 72
58 55
61 65
93 82
81 58
56 70
99 55
60 78
71 60
57 70
77 89
68 67
71 95
53 76
50 76
82 57
53 97
55 82
99 83
71 67
77 51
97 100
96 52
61 94
80 69
68 88
98 83
82 74
85 53
91 55
51 53
84 99
65 76
60 78
56 62
54 69
72 61
78 93
83 91
74 76
100 97
93 94
57 100
77 89
98 86
62 93
81 67
80 75
81 55
91 99
75 91
99 72
84 61
89 86
92 96
95 98
71 79
54 97
61 90
52 88
50 51
99 77
51 88
91 100
60 76
94 61
88 58
73 72
90 81
56 74
94 82
54 89
84 84
88 57
74 76
50 52
51 57
95 83
57 80
65 50
94 83
69 93
58 85
69 88
60 56
60 76
90 75
57 83
70 99
85 78
89 82
81 69
91 91
92 73
61 70
57 50
62 88
51 81
73 83
78 64
94 64
64 55
94 62
66 75
68 88
97 65
63 59
69 54
71 74
84 64
99 94
80 67
52 79
73 60
62 53
90 85
60 68
99 71
69 85
54 79
99 69
93 65
91 64
62 73
92 55
76 70
67 83
65 64
61 81
58 66
86 74
85 75
87 92
95 91
58 94
67 97
58 56
63 60
54 87
59 74
55 78
59 64
54 63
86 69
91 85
71 90
98 83
77 99
92 63
62 91
85 57
69 79
98 62
65 54
68 90
67 100
81 80
79 68
70 59
62 59
76 62
53 82
55 67
52 75
60 100
58 73
85 71
70 84
73 73
53 59
53 63
75 52
54 78
53 100
97 73
71 69
78 79
54 67
56 62
94 64
50 77
87 55
81 63
77 52
80 95
58 65
50 85
85 51
54 60
68 99
67 71
92 76
93 62
59 93
70 84
79 61
71 69
89 95
59 81
74 78
67 76
74 82
60 68
70 74
85 65
70 97
63 93
83 58
65 98
59 96
72 78
87 61
73 88
93 50
83 97
100 88
67 61
56 52
86 71
81 60
61 60
91 55
92 65
66 74
96 56
89 89
81 82
96 80
83 70
70 59
97 74
100 69
65 91
59 66
53 72
67 99
58 59
93 57
63 83
69 73
62 88
77 77
54 51
98 94
51 71
59 100
69 67
67 77
82 81
58 50
50 81
75 92
98 65
92 53
91 100
60 90
72 73
82 67
94 51
70 75
99 65
72 74
51 57
66 89
90 76
92 64
89 50
75 79
94 92
84 70
81 56
53 93
67 89
50 94
100 96
95 77
96 92
66 80
94 51
65 75
90 72
65 99
99 77
923 384 581
73 77
56 100
89 77
81 99
81 79
97 64
68 80
50 54
57 81
76 73
87 58
58 81
60 62
55 58
78 95
88 58
59 72
90 64
67 65
82 67
60 52
52 87
74 74
56 92
79 78
59 93
56 83
66 75
56 95
80 50
74 55
80 58
62 79
64 99
76 94
93 52
52 59
88 89
61 75
85 88
66 54
56 70
65 61
97 53
50 55
69 96
83 74
85 82
63 59
97 56
76 61
73 90
77 71
91 83
61 53
82 97
90 89
66 71
69 90
68 93
73 76
76 74
76 100
74 51
75 53
52 84
89 70
71 75
59 55
85 60
66 55
65 90
50 72
77 77
78 51
75 62
76 62
76 94
67 64
79 80
99 83
77 64
75 79
50 62
75 99
50 50
88 77
83 82
88 53
74 56
84 95
93 79
97 93
63 65
72 91
51 92
84 80
74 69
76 93
64 92
85 100
53 90
60 78
64 74
53 69
67 58
84 51
64 94
52 59
69 50
79 51
97 92
57 60
68 86
79 57
70 92
62 92
89 86
54 50
75 72
51 69
60 66
61 81
71 79
98 73
58 51
99 81
54 89
70 85
53 67
52 52
51 73
81 88
83 75
99 57
55 71
54 73
67 82
87 57
94 58
56 76
66 69
100 90
68 93
54 61
63 54
87 91
74 68
55 99
93 56
88 67
81 85
97 96
59 76
70 92
57 86
69 70
87 89
56 98
86 93
59 91
94 86
88 87
92 89
83 52
59 81
58 50
95 73
80 94
65 76
53 61
73 79
55 89
66 76
68 58
70 71
89 78
54 88
85 95
76 81
94 77
78 86
54 75
98 67
60 71
60 90
59 55
50 71
62 99
71 57
51 80
61 87
58 57
50 86
57 100
82 88
90 93
94 88
57 79
57 71
72 75
69 95
61 51
51 86
61 82
62 65
54 68
65 53
77 85
87 65
50 91
50 94
73 85
57 76
56 57
61 94
88 70
87 73
99 54
58 58
100 50
79 95
63 75
52 99
84 84
94 90
50 93
54 78
72 93
70 71
67 62
66 67
50 71
89 86
88 71
62 85
75 75
84 70
75 76
69 51
83 80
91 74
67 60
81 63
75 51
94 98
84 99
52 64
54 85
69 75
74 92
76 63
85 54
89 66
93 92
95 95
73 77
74 58
67 63
52 77
74 54
86 95
57 65
100 100
74 63
85 67
89 64
99 52
63 77
89 67
52 75
87 78
62 69
71 55
68 68
59 75
89 76
64 96
77 82
96 88
51 64
60 62
84 59
100 79
70 83
87 86
100 60
50 81
78 94
58 73
63 56
53 68
86 50
75 99
50 63
60 75
61 72
57 97
65 83
70 82
78 50
69 53
100 83
91 98
92 79
58 51
77 64
56 69
75 89
88 95
99 52
70 91
92 67
57 90
100 100
78 98
72 68
53 62
79 89
61 98
93 88
86 84
72 72
50 92
77 83
59 81
62 81
100 92
80 79
88 53
98 61
66 67
50 51
89 53
66 52
92 56
87 53
87 83
50 86
81 59
80 86
73 52
81 83
72 88
58 52
58 50
63 79
52 87
94 70
66 85
98 66
100 51
78 63
97 51
70 73
70 100
93 96
52 77
88 81
57 53
79 61
85 71
84 91
78 77
92 84
84 87
95 99
90 73
72 84
55 71
50 96
99 72
85 57
91 80
50 53
92 54
97 54
51 85
82 86
76 88
55 55
93 87
53 57
66 88
92 98
74 77
87 70
61 61
84 87
69 67
91 56
98 69
50 96
58 86
76 92
97 82
84 74
84 87
99 66
84 86
99 51
66 62
86 67
84 85
82 79
56 50
85 60
59 57
91 92
81 57
96 54
88 50
80 66
57 61
60 78
60 75
96 78
74 98
97 56
98 64
80 74
55 67
88 95
71 56
76 86
57 98
92 60
89 83
97 73
59 98
97 58
83 79
87 91
80 69
64 85
59 61
59 52
57 98
70 100
96 82
51 97
87 59
99 63
91 57
71 62
96 64
65 90
73 68
90 70
51 60
82 78
64 91
98 77
51 83
63 93
71 58
71 71
58 87
98 52
53 91
74 66
72 99
50 91
57 83
59 99
100 89
67 99
98 76
90 54
68 95
96 63
92 82
83 85
64 99
68 58
100 95
77 58
93 93
92 79
74 59
95 82
82 61
89 66
63 93
52 89
85 56
64 71
85 98
93 57
89 57
83 80
77 62
62 81
86 79
90 99
76 90
80 54
70 60
80 60
64 62
73 79
99 75
63 64
70 50
72 53
53 65
95 99
97 54
85 77
72 54
51 73
88 86
95 50
62 93
60 55
52 92
53 79
77 63
79 87
70 75
77 86
61 67
71 76
50 90
55 51
72 51
86 60
99 70
94 80
97 55
83 84
52 73
90 73
100 76
61 92
51 80
81 71
89 83
54 91
58 58
89 50
61 75
73 69
50 79
51 57
53 88
63 61
66 100
71 50
59 98
97 82
93 57
71 74
96 83
77 80
50 53
99 85
63 81
83 69
85 74
86 52
78 57
87 63
63 61
65 70
82 87
61 91
52 60
76 93
92 71
74 54
98 78
84 75
72 82
85 79
51 98
96 81
96 96
100 51
75 69
65 87
88 95
68 81
83 100
55 95
65 58
91 75
52 62
68 86
78 85
83 63
91 50
57 76
89 71
52 99
100 57
51 62
85 92
84 70
79 88
71 62
79 65
95 79
92 74
82 65
98 95
58 66
71 71
75 63
87 92
93 61
75 89
73 97
86 61
88 86
52 54
97 99
60 93
58 94
95 57
63 66
76 62
92 65
97 95
53 56
98 92
85 53
88 99
69 70
99 92
59 75
56 64
72 58
68 56
84 87
88 67
65 61
82 54
90 64
52 52
66 99
61 77
72 59
75 58
52 90
80 96
94 76
67 60
68 88
100 65
95 87
51 67
93 68
80 82
95 53
67 78
52 68
59 50
67 65
51 69
90 53
94 96
81 55
70 96
69 61
83 72
80 63
57 86
70 90
84 71
53 57
76 56
81 98
99 65
68 53
73 71
61 66
69 80
84 95
98 85
64 94
77 51
80 91
96 77
52 57
72 69
86 68
62 94
99 76
80 80
60 61
86 76
82 77
71 62
68 66
87 78
54 66
80 95
81 78
90 94
89 56
66 97
77 85
53 82
59 60
58 61
61 53
59 95
88 52
80 81
91 100
87 93
73 74
55 58
63 99
74 78
84 90
73 57
51 58
67 91
87 66
96 95
55 94
80 52
50 72
72 51
83 100
89 69
87 69
69 68
94 94
86 50
84 54
59 93
65 100
55 69
71 70
62 75
77 83
99 57
97 67
86 55
87 96
63 84
53 86
50 98
95 61
54 83
55 51
99 88
62 58
50 89
70 92
70 90
63 92
77 89
80 70
75 66
52 51
83 72
75 67
73 57
85 89
64 78
65 65
57 69
85 53
51 96
78 68
100 75
89 84
92 62
78 95
69 57
71 65
90 58
83 96
94 93
99 100
89 64
58 69
53 54
72 72
97 54
60 57
69 99
63 55
87 84
59 75
51 94
52 57
53 93
69 64
68 65
55 93
90 87
86 78
92 68
96 69
50 62
84 82
99 64
55 66
93 92
99 83
56 68
75 68
52 91
53 86
80 84
76 91
69 79
67 98
99 76
69 82
67 75
77 59
84 53
74 83
62 99
85 58
79 54
76 99
81 53
55 59
66 58
67 72
81 53
90 95
78 74
81 92
60 89
95 58
67 70
79 59
100 55
51 56
50 78
74 100
55 82
81 70
53 84
61 69
62 66
88 52
57 69
80 64
71 86
65 52
55 81
72 80
69 52
59 87
59 81
95 95
79 52
99 60
74 74
71 59
94 70
59 70
96 58
81 58
90 59
56 65
75 63
93 68
56 51
86 55
92 87
60 55
70 73
50 82
61 85
90 79
64 72
56 82
60 88
80 58
87 91
73 66
94 93
84 94
91 85
85 53
89 87
92 97
54 99
59 97
52 57
95 61
87 98
66 65
67 89
87 67
76 61
57 54
50 84
53 51
60 57
100 69
69 89
76 75
87 94
97 82
93 85
92 62
81 87
90 63
100 69
98 88
79 93
55 57
73 97
70 71
77 91
79 55
73 94
67 74
70 69
94 61
57 58
91 57
586 209 519
99 86
53 68
89 60
74 98
71 78
78 82
82 92
93 94
91 100
96 73
59 64
65 72
58 81
96 56
53 51
73 55
80 65
77 59
99 91
68 72
79 69
59 62
70 58
62 61
56 81
70 61
54 95
71 50
62 98
77 77
94 68
55 56
73 94
55 90
89 84
90 98
99 62
97 59
77 58
54 100
56 70
87 63
56 70
94 51
66 78
74 88
65 89
94 57
57 93
64 87
72 65
51 64
91 59
78 65
61 99
55 66
100 66
71 72
71 75
66 76
92 83
68 71
58 53
60 97
71 74
77 55
52 57
72 61
86 56
66 87
67 85
89 72
84 65
92 100
55 60
50 80
67 95
84 64
89 51
95 100
68 65
86 85
53 56
67 62
63 83
56 57
76 67
65 53
93 88
89 58
63 54
51 89
84 85
74 66
61 65
69 83
55 93
85 94
57 54
85 59
61 74
94 51
96 62
92 69
75 81
89 72
79 87
60 68
66 79
80 59
83 54
56 55
88 98
61 91
95 64
76 94
56 75
89 69
72 86
98 89
97 96
73 70
68 88
57 95
90 53
52 82
55 69
53 79
60 88
68 76
70 52
60 80
86 98
98 79
65 85
97 61
87 51
66 55
76 58
95 65
59 50
72 71
81 53
50 92
73 72
80 75
82 64
92 83
94 97
66 79
73 91
65 95
75 86
60 99
77 88
79 84
91 53
61 72
72 93
81 52
62 68
90 80
69 68
57 59
75 54
64 53
59 77
74 53
54 74
96 86
72 76
82 70
72 53
83 94
83 74
79 58
61 92
61 67
65 63
59 62
79 55
99 74
52 79
83 99
62 78
76 73
82 100
94 74
55 73
85 90
52 92
53 100
87 76
50 76
93 72
80 77
84 58
77 100
64 57
98 80
88 86
100 55
74 55
92 93
53 98
85 92
54 85
74 81
63 59
93 53
76 68
62 66
87 56
58 53
98 56
60 75
67 79
62 84
83 90
79 62
76 80
68 83
67 87
67 50
88 75
92 93
80 89
64 79
63 94
94 85
71 69
65 73
51 62
96 76
67 74
54 63
65 63
83 67
50 91
62 62
100 53
67 59
81 71
91 62
90 83
92 97
65 91
59 72
51 67
96 99
71 71
85 84
64 100
93 56
89 80
83 80
56 62
52 97
85 95
57 89
59 63
64 84
51 53
81 80
59 74
59 83
68 98
90 66
66 58
87 83
86 64
81 60
68 57
91 92
51 52
66 98
97 60
62 78
66 85
98 66
96 64
69 82
55 55
67 76
71 78
82 67
57 52
100 90
98 99
54 76
72 97
54 98
56 83
97 58
57 96
75 54
88 73
52 89
86 86
87 64
74 79
78 95
94 63
68 66
66 99
63 86
87 79
53 73
94 82
54 87
64 53
66 59
93 99
69 60
98 71
68 63
80 53
83 50
88 99
76 81
89 96
93 80
100 93
71 98
66 63
87 100
78 62
87 69
50 93
82 65
67 89
74 57
99 81
88 52
99 83
62 65
65 70
91 77
87 95
58 90
85 71
61 96
62 98
82 66
61 78
71 59
60 87
68 97
77 86
63 61
85 91
73 82
91 72
70 67
57 91
71 94
82 87
69 84
81 86
86 87
83 65
96 71
89 78
76 55
73 63
79 69
93 100
97 68
92 56
51 87
50 81
59 71
63 82
54 50
90 84
56 67
55 94
69 66
96 53
64 79
54 77
74 91
99 62
52 81
78 92
87 64
85 62
100 64
74 98
62 100
64 99
53 87
56 73
53 96
52 73
60 68
60 90
61 53
85 82
81 67
57 59
81 86
85 67
68 74
63 80
79 90
59 97
98 87
62 60
78 80
84 70
91 96
78 79
54 55
52 59
86 52
99 98
95 84
99 98
75 83
67 93
74 59
68 66
97 63
53 87
80 61
58 59
53 51
75 81
82 92
99 83
54 97
63 67
62 58
71 82
64 72
85 60
58 54
73 63
84 84
88 62
63 94
97 90
57 83
65 81
93 82
56 89
75 56
76 86
95 89
75 89
54 94
60 60
79 90
69 85
76 89
82 66
99 93
95 69
68 58
62 50
76 74
59 80
77 91
81 74
65 100
54 93
89 90
73 54
85 98
85 55
51 92
90 93
50 53
50 72
62 57
58 95
57 73
71 56
76 55
72 65
75 96
88 66
71 62
78 81
80 95
50 84
80 90
94 54
58 71
89 75
73 70
50 51
78 75
79 70
68 61
86 68
76 95
61 70
97 50
89 55
66 77
52 82
90 95
67 80
93 85
70 66
73 89
62 56
60 56
96 70
84 54
50 80
82 91
98 51
93 81
82 88
62 53
82 91
55 76
59 74
88 81
65 80
55 52
52 65
98 64
64 100
57 70
81 80
65 71
78 64
54 70
97 85
81 57
56 64
74 51
58 88
97 92
94 58
72 54
97 94
59 65
98 73
98 52
71 67
63 65
95 87
61 59
57 86
50 50
95 68
75 100
62 61
53 85
72 83
50 92
87 92
59 92
52 80
92 79
88 68
55 53
73 87
51 69
60 86
52 62
78 98
67 78
85 91
86 83
62 58
77 75
90 71
52 89
95 55
67 93
81 67
91 69
90 88
82 98
93 57
94 62
80 68
92 100
95 52
64 72
