49 51
22 4
79 44
2 77
76 18
37 79
22 23
28 67
95 91
9 47
12 69
45 10
89 38
44 36
97 66
8 71
82 88
6 47
87 9
49 88
26 34
68 44
75 70
2 12
2 61
92 28
48 28
15 7
40 87
39 78
19 46
25 47
17 28
80 36
23 12
63 48
5 28
31 56
84 35
40 16
54 97
12 4
72 1
41 36
8 43
1 59
38 43
26 90
35 81
85 54
45 91
72 14
74 0
75 94
12 33
42 65
39 50
6 5
52 58
29 18
38 28
67 32
74 18
1 15
58 66
48 97
26 87
80 9
48 32
72 31
90 58
97 71
95 55
76 57
13 36
69 57
98 11
57 28
21 61
6 80
49 16
36 91
77 65
90 37
66 10
70 89
65 44
38 65
81 9
5 48
79 46
50 52
65 57
33 94
62 59
11 41
40 86
66 64
30 0
67 94
6 39
24 4
95 44
20 39
63 86
4 65
47 32
77 71
2 48
13 41
14 49
77 52
52 7
36 76
92 30
49 81
16 66
98 79
42 84
44 9
1 95
27 1
9 41
61 72
21 96
19 35
66 98
76 58
53 42
39 61
96 51
56 24
69 37
66 53
88 23
45 34
84 64
6 37
28 61
49 15
21 27
3 71
10 12
54 47
81 22
51 43
40 18
50 56
44 25
54 84
87 94
37 84
81 74
14 68
11 29
92 42
41 93
54 12
92 67
3 84
77 42
31 90
14 84
41 6
57 38
47 39
81 24
18 3
91 36
26 52
88 65
14 48
26 38
42 20
18 73
9 11
92 12
18 64
12 37
19 18
96 14
58 83
3 68
27 43
74 82
11 37
21 4
25 27
66 25
78 29
23 59
73 1
18 1
67 83
34 22
76 73
31 66
62 41
69 73
51 9
72 43
45 48
0 48
67 71
3 23
38 91
46 39
5 93
14 62
4 42
32 23
21 79
18 80
16 95
29 10
77 36
13 8
57 53
53 60
43 21
28 66
50 68
86 70
97 7
79 55
56 68
42 45
87 14
85 29
17 79
85 75
8 44
2 32
82 2
80 97
40 39
63 10
64 93
50 71
77 12
62 46
8 14
27 70
97 83
68 71
56 93
78 34
49 33
63 52
22 10
82 92
48 80
68 54
15 38
35 60
5 65
13 10
30 97
90 74
68 43
93 21
16 90
71 49
13 49
30 28
86 15
45 33
75 34
34 47
91 6
25 77
50 74
61 69
84 17
81 87
58 73
4 41
63 83
62 49
26 36
48 34
74 35
5 37
38 52
77 28
29 30
22 80
12 74
41 62
29 2
14 9
74 83
71 96
44 70
92 95
85 8
84 5
17 2
28 60
16 25
44 19
14 81
74 39
36 22
98 0
34 14
73 21
63 80
71 30
83 57
69 62
8 22
12 34
88 78
84 24
55 72
42 94
72 70
38 7
82 85
90 16
37 31
85 81
4 1
48 89
39 46
79 79
81 53
95 83
28 16
64 39
53 15
5 84
52 72
87 86
90 15
91 82
93 64
82 51
90 67
26 6
17 55
70 59
12 76
28 70
15 11
57 2
39 64
23 8
73 27
87 84
64 8
91 67
21 71
48 12
9 56
85 98
51 27
20 33
31 47
57 84
32 1
25 19
66 55
71 59
29 19
19 43
76 65
98 2
5 52
64 84
8 82
83 23
41 73
87 22
53 25
44 20
59 83
49 74
71 65
49 44
55 94
90 32
89 37
9 18
60 62
90 53
23 36
10 41
91 71
30 82
3 54
47 65
44 49
4 29
19 91
53 92
98 92
96 37
71 89
79 32
22 29
44 71
93 76
83 39
92 82
26 79
15 42
29 22
83 12
84 32
93 24
80 23
93 5
65 34
81 30
61 62
19 79
33 70
56 21
70 12
73 88
75 76
95 54
75 74
77 64
48 91
17 66
42 12
85 24
88 31
38 56
35 77
20 9
55 1
2 52
28 51
53 29
48 71
51 39
77 14
42 67
74 25
89 82
19 70
94 76
67 87
15 8
15 26
63 41
94 19
11 60
16 35
64 89
86 40
8 11
68 95
63 78
85 43
98 17
75 52
51 89
54 32
35 45
75 43
89 20
29 45
2 11
14 3
34 56
58 93
59 63
94 15
31 16
82 1
51 65
87 50
49 18
34 11
85 91
37 17
54 11
42 14
3 55
6 82
48 19
78 69
37 60
66 63
70 45
96 59
53 39
96 20
33 15
37 27
95 9
88 26
73 50
64 6
54 48
66 73
23 80
27 29
7 64
87 12
81 21
24 22
45 94
60 78
31 69
74 95
23 95
29 23
6 38
7 35
21 24
14 13
79 22
67 17
80 63
32 77
7 74
11 40
1 85
7 60
58 25
25 31
21 19
82 6
91 30
18 98
46 50
8 85
54 13
68 70
7 25
15 85
67 29
36 31
78 71
43 74
88 64
7 3
15 62
50 40
97 96
86 36
79 88
48 18
27 85
49 67
54 79
53 62
4 22
6 72
88 63
82 98
78 72
33 68
90 56
75 37
42 62
76 41
36 87
26 59
19 72
42 69
75 82
23 78
8 46
20 78
4 52
79 89
78 66
84 75
3 7
23 58
73 81
36 93
10 54
84 14
74 46
70 90
29 21
19 19
92 40
74 59
3 6
52 82
14 63
16 13
26 4
57 39
22 81
94 79
84 77
23 41
35 67
70 56
57 41
10 73
86 4
69 23
85 42
94 54
15 92
97 45
92 60
58 86
95 89
23 13
2 9
28 30
4 21
79 85
80 94
37 30
2 68
90 95
X
58 6
79 50
11 68
26 82
16 3
39 67
70 97
91 15
63 91
95 56
20 77
91 62
11 19
17 42
9 79
14 34
67 76
19 96
29 44
18 89
44 56
6 83
24 70
89 77
95 38
25 58
43 92
46 31
46 1
94 31
50 47
48 63
16 56
13 82
87 0
37 19
7 11
63 28
32 0
57 42
83 25
43 88
16 47
33 37
38 55
27 45
85 19
26 77
20 66
77 88
97 82
96 10
5 17
89 39
26 25
70 43
9 2
19 56
38 26
57 27
58 64
7 15
21 58
22 17
89 25
6 4
6 11
55 77
25 82
32 98
71 48
25 5
94 29
75 65
28 44
34 86
49 80
29 96
30 51
21 1
20 64
25 80
47 98
72 42
87 32
56 49
84 59
58 60
X
8 37
55 98
8 21
87 37
28 15
46 19
46 44
24 38
74 4
3 52
87 16
94 2
46 58
61 60
61 57
2 80
67 93
67 2
64 25
0 47
59 57
40 38
48 82
34 62
28 34
77 9
55 16
40 14
47 46
97 38
39 85
50 22
37 83
46 62
4 20
44 22
74 73
69 44
98 4
14 91
42 82
86 52
57 10
26 48
47 55
57 87
12 11
93 13
83 62
12 30
71 94
43 86
18 53
47 82
49 59
13 88
83 2
24 25
15 47
12 65
52 78
84 61
35 27
85 9
40 73
56 67
2 82
74 60
20 80
11 83
52 48
77 43
51 23
87 42
70 74
4 0
71 54
13 4
25 4
84 68
45 35
13 44
90 61
71 93
34 49
84 91
59 64
96 28
46 78
30 14
0 51
74 17
13 9
8 3
6 93
37 21
43 11
70 29
77 33
84 72
22 43
87 30
55 84
64 47
64 57
8 36
4 24
45 75
40 20
50 89
83 81
37 58
69 60
96 63
51 77
73 10
11 84
73 76
66 96
21 52
31 70
49 69
65 43
62 17
14 16
65 31
4 54
44 38
66 31
44 79
30 53
23 69
59 89
11 28
39 93
32 24
19 92
98 53
48 11
54 74
88 71
45 12
82 12
53 67
87 18
19 67
40 33
32 26
85 65
21 62
70 72
87 67
53 97
33 81
20 46
32 47
56 36
24 73
94 45
43 65
10 13
26 42
21 43
11 2
36 69
58 41
14 5
22 59
8 2
50 28
93 74
18 92
32 89
71 8
0 87
89 32
86 12
36 74
40 32
49 28
20 2
86 80
98 81
48 33
43 76
22 66
42 81
87 96
14 93
68 48
44 53
59 18
30 2
85 7
29 82
59 22
60 26
11 1
82 57
52 98
37 47
7 39
74 45
3 57
73 39
15 95
82 42
15 84
63 45
83 65
92 4
12 12
44 35
27 48
77 40
25 48
36 33
52 29
86 34
92 19
32 66
30 25
89 80
15 28
96 72
38 44
71 90
4 5
84 23
25 24
72 39
X
83 8
49 5
27 28
43 79
89 17
77 62
7 70
72 88
80 10
49 52
88 77
69 36
25 29
79 62
84 88
X
22 54
39 91
45 22
35 72
22 16
5 88
37 44
93 88
51 52
92 41
71 60
78 61
18 42
29 57
93 40
65 95
4 26
95 90
75 48
29 73
23 25
68 75
20 83
38 74
70 24
47 92
46 35
27 5
35 28
44 67
32 20
34 33
27 79
84 19
25 72
83 88
40 96
80 79
86 21
0 65
3 83
20 56
56 44
14 75
41 79
88 44
96 86
30 42
75 89
22 77
7 22
35 14
98 84
13 78
96 0
41 83
27 86
20 96
24 87
10 48
83 48
37 81
77 78
42 68
63 1
80 60
36 65
37 62
38 16
86 94
57 5
97 21
56 28
76 21
98 25
60 70
82 91
43 85
66 80
62 94
83 49
75 98
8 39
97 95
85 34
95 96
19 74
35 41
84 9
63 66
28 17
62 12
29 35
51 70
62 61
95 46
24 15
24 40
17 34
92 62
16 11
39 70
23 17
12 23
5 40
21 78
93 63
33 69
92 5
87 76
98 67
41 70
32 18
97 79
90 84
17 57
17 78
39 47
68 61
56 7
92 94
37 73
89 15
39 23
93 80
87 66
0 10
34 55
90 72
33 20
87 34
96 91
68 21
23 52
12 82
37 29
53 37
47 94
7 21
42 37
56 4
10 28
35 11
87 1
80 69
78 95
12 68
19 58
79 39
79 2
29 5
62 23
57 26
18 26
43 16
36 42
88 84
28 19
X
36 44
26 30
55 80
36 27
51 64
83 89
22 45
97 47
91 52
25 28
67 3
6 67
98 3
8 19
9 14
54 36
72 58
96 53
86 86
71 50
22 78
25 89
25 88
76 91
34 74
21 9
3 45
28 85
20 3
46 16
4 55
51 56
26 85
79 86
7 94
65 41
19 16
45 13
47 41
16 12
74 9
6 53
3 97
18 8
35 83
79 49
90 33
4 53
11 36
51 47
6 64
57 32
22 63
46 20
74 58
73 31
60 61
60 22
21 39
9 97
24 24
75 58
45 61
58 11
39 92
88 52
47 20
35 29
52 83
26 40
78 89
12 40
50 50
6 54
39 66
69 50
2 33
47 15
3 33
61 49
92 63
60 90
24 85
5 58
30 56
98 65
82 13
59 54
78 16
55 70
8 83
27 10
80 95
86 24
83 60
79 1
82 95
10 36
84 37
79 83
8 64
34 68
93 4
4 56
54 20
24 71
27 15
7 56
87 20
24 27
33 50
67 61
37 42
62 69
78 44
64 80
40 10
70 61
54 43
58 55
17 69
73 71
54 10
9 83
1 43
4 80
44 15
27 81
51 40
72 27
86 9
96 94
71 37
74 37
11 70
2 25
66 94
80 58
64 40
82 87
36 15
3 1
90 39
84 92
65 87
78 53
51 63
7 33
83 24
62 77
13 70
24 19
1 18
54 52
13 24
49 13
84 83
10 27
29 80
18 97
51 90
81 45
69 92
6 24
28 5
73 93
44 31
7 78
2 27
44 81
42 18
82 89
54 42
13 91
4 63
2 90
86 45
51 21
78 63
62 39
9 42
49 55
38 30
35 71
25 52
46 56
75 50
6 65
89 70
14 8
30 5
68 77
87 23
19 22
9 77
39 39
10 66
63 6
72 96
79 94
48 2
48 66
95 88
27 30
64 1
9 9
40 53
37 78
33 7
34 28
35 94
22 46
35 17
60 74
29 65
30 45
11 17
8 27
21 87
35 46
5 31
89 51
34 46
12 90
36 78
71 38
64 94
22 72
5 68
75 38
83 83
48 79
51 69
93 20
83 96
98 45
66 19
3 24
3 60
3 35
15 37
29 85
86 5
56 79
76 86
81 72
39 10
7 65
17 77
68 53
40 59
38 90
36 48
42 83
70 65
18 55
39 34
6 29
4 74
14 78
46 9
57 43
21 65
72 40
34 91
17 22
2 29
89 84
58 72
55 45
21 74
88 91
18 58
94 93
7 77
7 8
70 66
65 9
3 56
26 80
83 80
X
90 34
76 40
29 1
77 81
42 57
65 60
80 5
26 15
37 53
44 33
30 66
9 85
64 82
76 76
21 47
5 41
6 96
91 23
81 68
97 9
32 6
72 22
52 80
56 46
51 92
96 74
28 77
98 38
58 46
19 20
16 96
5 85
96 22
85 5
50 57
56 8
28 10
32 87
56 65
46 65
93 12
68 87
98 86
49 50
30 32
11 47
51 57
47 61
23 53
5 67
75 55
6 78
1 47
94 36
52 15
3 66
55 57
13 83
12 77
24 13
26 66
74 40
58 32
71 0
18 35
74 55
56 47
6 66
13 74
64 86
14 85
6 30
62 92
24 93
7 1
52 42
51 10
34 19
77 44
45 30
81 83
95 25
90 31
9 72
16 1
69 67
83 79
74 89
76 62
90 71
86 14
57 79
16 26
24 91
2 76
28 52
35 84
74 1
64 18
20 93
31 19
96 82
32 16
83 35
76 94
76 15
55 90
94 7
26 47
81 2
47 87
89 68
27 57
4 28
42 47
54 27
73 58
40 34
88 93
47 36
24 9
41 90
8 25
95 28
3 38
96 48
83 1
90 1
60 28
96 3
66 76
8 81
17 88
67 58
42 42
11 20
7 98
36 64
28 32
47 67
89 44
77 60
44 27
98 39
67 84
24 77
87 36
66 62
0 13
73 87
50 18
43 13
71 26
62 50
14 20
82 68
20 17
36 81
3 40
97 40
97 86
7 28
32 82
6 86
62 73
18 79
71 24
63 58
32 13
75 62
63 18
18 10
9 86
2 58
95 48
15 94
49 21
59 10
39 15
78 30
61 35
50 34
47 69
90 22
79 36
1 58
12 98
40 13
41 77
12 91
13 26
55 10
66 58
27 77
70 58
X
75 8
2 19
5 21
39 71
83 82
37 97
24 55
8 6
55 44
62 29
43 84
46 53
81 47
74 7
92 31
57 47
10 62
17 26
71 9
5 70
97 41
42 74
45 79
64 91
22 52
48 95
68 41
82 16
58 47
14 57
2 65
35 80
90 41
74 10
94 12
38 32
79 56
1 0
59 95
32 34
X
97 25
15 66
20 18
38 77
50 91
35 51
81 7
83 78
74 29
93 23
17 1
11 42
52 63
22 73
81 50
89 67
12 8
65 42
76 13
12 15
69 46
94 53
68 37
13 25
12 20
81 19
75 28
67 79
24 29
94 64
X
11 88
31 81
96 93
71 95
95 62
60 24
47 89
25 12
30 75
62 28
81 56
61 25
11 15
66 72
79 71
48 22
6 9
38 12
X
96 1
34 45
60 68
63 98
47 14
2 34
33 62
83 21
17 80
79 60
91 66
59 85
58 52
50 29
47 54
35 22
92 13
91 27
65 71
17 64
44 7
10 63
60 41
46 88
2 88
74 57
49 34
27 44
44 88
63 9
36 55
56 43
79 19
41 94
32 59
31 37
10 14
30 1
22 32
11 63
95 0
76 0
40 84
26 32
29 98
15 72
63 27
21 34
91 12
78 65
10 92
38 53
28 29
1 9
54 93
49 70
92 27
64 55
41 9
39 18
97 90
48 69
14 2
49 36
24 35
21 44
2 30
17 10
50 55
90 30
74 97
57 55
4 93
53 24
25 87
78 20
6 14
47 10
97 13
43 25
78 92
37 93
44 63
83 20
39 49
88 57
81 67
36 21
91 55
63 44
88 32
25 86
57 24
57 71
66 41
23 82
95 31
89 57
97 10
89 96
X
43 31
75 36
48 51
66 48
17 41
4 10
15 3
84 95
57 83
23 56
0 64
54 56
82 19
50 58
26 39
34 35
47 81
17 50
17 3
23 77
11 97
43 82
42 21
26 13
36 25
51 49
83 68
86 23
34 39
54 71
1 93
55 69
54 22
75 17
53 22
43 50
53 41
66 6
94 91
54 41
25 3
59 46
5 3
47 23
40 57
93 83
61 63
70 28
44 46
52 46
63 84
50 46
7 48
73 62
58 96
31 50
0 77
38 96
71 51
20 1
86 19
57 52
44 47
15 57
18 33
66 9
21 42
88 27
52 79
85 84
26 11
49 78
37 51
73 94
85 67
96 50
21 67
29 36
1 67
29 29
30 34
10 8
63 29
89 31
6 35
38 70
89 34
88 16
79 9
22 53
33 93
17 51
50 8
44 10
72 59
8 72
36 61
41 60
65 23
23 84
53 51
32 39
68 90
92 43
57 86
48 46
26 3
53 76
7 17
55 2
48 8
25 35
75 87
97 24
7 68
6 51
4 12
40 35
86 85
46 54
84 20
58 45
39 76
24 41
18 95
24 11
77 90
32 15
10 86
19 33
77 2
82 79
61 1
15 90
76 22
42 92
89 35
95 80
54 31
9 71
69 17
47 1
73 57
74 48
92 36
63 42
56 73
16 48
51 68
44 61
69 7
84 80
59 79
13 98
47 22
15 24
4 34
86 59
64 63
13 48
16 18
24 54
82 76
1 76
62 57
51 7
82 54
40 56
47 12
23 44
70 38
69 91
55 33
78 52
43 55
80 61
2 46
86 74
37 56
17 8
33 43
37 35
83 29
50 54
72 46
56 71
16 54
49 54
21 85
51 61
11 76
73 80
71 61
46 3
68 10
73 74
96 83
15 1
26 10
55 47
9 68
85 70
81 57
28 27
48 55
72 75
13 76
15 59
62 64
52 64
55 49
46 4
35 31
34 25
77 3
39 58
50 45
86 65
57 72
32 60
70 5
57 56
91 51
98 88
55 89
22 94
90 94
80 21
12 10
48 90
97 44
0 67
38 41
61 23
26 5
15 70
49 27
46 81
17 97
20 59
41 23
36 70
15 0
27 9
19 40
41 58
49 91
29 84
90 42
40 69
94 86
18 40
79 30
16 52
67 10
85 44
6 75
18 13
96 70
6 22
49 47
57 77
89 42
56 83
5 98
18 21
95 1
84 94
52 24
65 75
32 45
48 92
3 10
83 85
48 23
72 44
71 71
93 56
87 71
64 41
16 88
26 54
51 48
54 28
35 37
30 80
94 33
45 36
87 83
96 9
18 56
11 23
12 83
20 23
39 65
86 2
18 11
35 57
27 11
52 75
45 63
53 27
65 40
10 34
34 85
33 88
89 36
75 78
50 87
60 60
92 0
51 73
64 3
21 25
86 63
41 1
43 67
34 0
6 25
62 11
40 15
58 76
66 46
96 42
19 64
40 95
84 10
7 51
91 74
62 67
82 0
6 63
69 30
7 27
68 51
96 29
5 63
29 71
35 0
63 37
21 14
14 54
92 15
38 46
30 67
97 58
78 36
70 6
89 93
57 46
68 78
5 13
98 44
53 72
46 12
97 85
94 20
7 26
1 69
69 48
10 24
35 48
3 28
32 79
42 96
17 95
9 78
47 17
48 75
27 84
11 49
74 62
38 49
90 93
22 38
78 28
22 39
76 63
6 74
60 84
89 12
61 27
10 16
24 32
53 86
22 2
66 44
3 89
40 47
65 19
28 53
18 34
66 7
86 35
87 93
83 46
92 7
8 89
13 47
16 89
72 55
93 3
92 14
26 20
98 61
56 23
7 67
97 64
91 7
36 58
19 68
62 83
89 75
19 54
34 82
66 74
29 72
12 88
54 37
30 50
48 54
77 55
39 80
44 93
14 97
45 1
20 51
88 43
44 41
63 8
47 18
7 41
14 28
83 97
48 52
9 35
85 77
76 88
9 59
27 23
23 27
86 82
34 27
66 65
47 91
27 31
82 66
85 6
57 63
54 69
40 5
45 41
24 46
12 39
2 98
77 20
5 22
6 32
77 48
45 18
2 50
48 81
6 13
81 29
34 23
32 50
37 23
77 63
4 96
81 84
1 73
86 33
72 49
3 50
57 92
98 63
20 60
65 80
53 21
52 16
49 17
85 40
88 42
80 56
80 59
51 81
76 14
43 9
13 63
61 15
16 27
51 80
82 40
38 29
1 13
21 55
53 54
5 53
65 70
33 74
38 93
19 75
63 82
77 29
23 39
70 35
40 88
2 10
82 50
7 84
74 2
59 16
28 4
70 37
12 63
13 21
39 0
28 20
95 53
83 92
15 78
61 67
98 94
7 32
80 66
69 63
56 41
84 25
23 6
75 29
29 48
23 20
0 9
78 54
50 5
10 10
1 46
33 25
36 16
15 41
36 51
20 32
93 39
69 47
15 4
72 12
0 45
45 32
23 26
51 62
60 33
66 23
63 49
7 12
78 22
5 16
48 24
3 53
35 66
25 25
67 8
94 69
83 77
57 45
24 97
42 9
72 3
94 10
0 12
41 3
77 41
73 34
60 2
85 41
79 47
13 15
47 76
45 95
77 37
46 10
30 44
48 17
74 77
78 88
56 27
5 5
32 65
59 11
53 49
87 51
34 67
83 93
89 43
54 4
30 31
77 54
60 80
65 12
16 69
69 61
40 24
65 61
10 9
92 20
2 1
90 91
9 39
93 71
51 74
69 49
74 49
57 64
87 15
66 17
97 20
39 84
67 31
75 40
69 82
67 23
20 28
70 21
1 35
18 60
70 64
52 8
23 21
61 59
40 78
85 76
53 16
74 30
53 79
42 43
14 50
55 50
60 64
88 82
86 32
80 86
96 62
94 89
68 76
45 28
83 0
49 49
40 3
57 37
61 61
63 93
12 38
64 17
31 41
17 25
66 36
20 71
55 13
17 89
40 41
29 79
45 71
15 98
7 59
79 81
43 5
9 45
56 95
75 49
69 89
52 34
60 81
71 55
26 75
73 82
74 54
81 60
72 13
34 50
24 74
8 97
60 37
51 79
56 53
70 98
49 66
15 15
66 30
6 89
50 41
48 67
41 35
82 84
26 91
4 6
87 28
31 18
64 19
6 16
26 21
98 46
49 90
87 92
73 9
50 42
70 93
31 1
77 50
96 77
90 54
82 18
10 74
63 12
28 73
97 42
32 40
30 68
80 24
46 75
80 68
82 35
85 66
55 7
49 23
53 90
93 31
76 30
28 31
4 70
7 20
7 83
63 57
56 61
35 58
33 45
35 74
14 14
50 43
44 40
78 56
66 54
18 25
88 8
89 98
6 45
70 83
64 10
65 46
6 77
2 89
67 54
33 60
58 61
50 38
94 22
14 66
25 26
32 81
51 24
16 65
53 95
32 25
4 17
87 73
91 58
36 82
35 25
18 16
75 0
86 55
76 60
55 22
7 40
65 54
97 17
81 0
44 6
85 36
16 64
38 21
35 87
51 20
16 91
23 31
67 40
78 67
32 91
50 23
38 17
94 6
23 55
18 15
82 24
7 66
75 60
48 3
70 91
34 76
6 59
46 76
91 46
27 89
77 92
94 0
56 58
49 7
59 75
16 98
7 53
51 78
58 92
25 56
56 80
7 86
50 51
42 59
14 79
71 43
52 47
70 50
46 46
14 94
81 33
41 43
0 76
65 50
70 49
52 65
74 19
47 13
64 81
20 35
8 38
36 94
53 4
80 77
44 59
47 48
88 90
15 40
27 65
35 18
32 51
72 54
79 45
3 92
84 38
42 76
78 81
77 75
20 40
79 33
37 94
54 57
11 43
23 94
73 45
44 21
60 76
54 72
22 40
55 15
19 10
52 95
53 13
43 66
24 30
48 59
44 76
47 95
72 10
69 64
72 4
69 52
81 71
70 23
93 30
50 80
78 96
83 64
61 76
12 70
26 8
54 64
89 52
21 13
31 33
31 45
58 24
14 39
27 67
37 49
87 5
26 45
9 21
15 39
73 54
48 6
95 23
32 97
65 6
53 83
21 12
21 92
89 66
63 23
13 7
29 8
97 49
21 11
31 74
0 97
21 70
73 60
6 95
14 47
73 52
72 60
86 76
17 70
55 83
11 57
37 76
87 78
36 41
94 78
54 49
56 90
34 37
97 33
18 93
11 62
13 95
27 76
6 50
66 39
69 20
64 5
8 79
78 38
92 21
68 25
39 9
59 87
40 67
38 89
15 50
20 34
32 17
36 84
84 36
47 62
94 39
16 21
13 84
10 23
22 92
71 63
81 77
0 82
60 25
77 70
4 13
6 19
37 89
26 7
52 59
23 32
37 45
41 22
91 60
22 91
34 80
71 91
79 31
57 22
73 3
31 75
58 37
17 27
59 72
94 94
31 89
62 76
25 50
84 18
60 55
48 40
83 28
4 77
48 74
X
25 78
52 25
94 30
7 36
81 20
8 51
11 93
17 98
29 52
58 14
65 63
14 24
24 76
62 81
25 46
1 96
55 29
94 81
33 14
39 83
17 33
62 6
X
27 66
78 21
2 83
98 54
73 49
6 52
23 70
70 60
70 48
52 40
1 14
30 89
14 35
13 97
66 27
10 76
X
85 13
8 63
37 6
2 18
33 23
21 16
45 78
95 94
15 86
62 71
57 20
52 3
60 39
67 60
76 75
97 34
83 34
43 15
82 58
54 76
23 96
43 17
59 33
3 39
33 91
42 11
90 23
15 5
65 73
31 82
29 25
14 33
53 40
4 23
72 29
66 60
42 22
43 22
41 26
32 48
50 21
14 72
79 28
20 67
18 96
22 9
74 33
44 42
32 94
88 33
50 78
63 54
91 31
80 64
92 74
23 43
57 3
30 8
13 81
88 54
56 98
72 94
26 33
38 94
9 46
4 40
7 76
93 16
86 79
4 78
43 58
3 67
96 13
63 43
45 83
42 58
44 57
85 53
82 53
71 25
63 17
9 82
30 93
73 56
10 22
61 46
66 50
67 89
86 44
22 22
32 74
27 52
53 48
89 91
26 23
25 7
38 57
84 56
80 25
12 16
38 86
64 76
42 38
25 68
43 80
69 31
31 38
2 56
40 52
90 64
77 1
59 69
38 71
78 33
35 86
44 75
46 17
79 91
54 18
75 71
64 44
39 28
38 23
47 78
67 48
35 38
21 68
20 15
40 83
22 96
29 40
0 94
44 14
0 55
8 29
46 52
35 32
8 28
15 89
72 57
12 73
73 32
60 57
58 69
66 29
9 98
11 74
3 5
82 69
98 14
9 54
57 68
58 62
73 13
55 87
31 0
39 35
53 68
62 79
12 84
5 86
95 85
16 77
28 22
59 56
37 67
34 81
54 44
14 58
7 14
82 90
25 81
44 69
6 79
5 47
25 67
23 24
47 49
X
82 81
32 71
64 78
46 28
12 75
48 30
64 46
59 60
77 87
23 29
68 11
32 78
28 13
39 19
69 71
36 46
97 91
50 70
16 93
53 56
25 38
95 79
74 85
50 19
46 14
43 39
49 45
56 86
71 47
17 81
72 68
43 7
48 14
61 83
43 63
68 31
43 3
46 63
33 92
56 3
92 91
64 28
11 21
32 62
59 84
47 45
62 74
78 70
59 86
88 34
39 87
14 56
86 6
76 1
4 37
95 95
18 14
20 52
47 93
65 52
63 61
94 57
54 85
77 85
X
28 8
7 49
11 87
X
47 63
34 38
13 13
88 25
9 51
11 24
42 85
43 91
43 18
93 2
93 28
83 66
88 13
19 66
69 21
14 37
57 60
14 29
40 90
88 51
55 6
33 19
69 54
85 82
16 55
68 96
72 18
71 76
90 50
18 9
74 43
27 32
96 80
58 34
47 11
5 34
88 70
94 25
50 86
21 64
86 22
54 62
59 36
65 81
79 78
2 87
88 0
22 33
39 31
88 89
24 28
58 98
54 87
95 10
76 19
30 84
52 44
30 4
1 90
9 3
42 66
41 27
78 11
10 58
54 17
65 10
57 91
94 60
98 16
4 87
98 8
9 90
10 11
43 38
33 52
64 65
67 9
16 8
66 75
46 47
37 7
32 93
5 35
2 91
57 31
71 13
98 18
96 65
56 48
47 38
72 51
82 93
67 73
75 6
35 24
4 58
70 70
51 41
6 49
87 17
16 68
80 13
76 36
72 69
98 22
98 48
94 43
46 30
80 88
15 93
19 95
87 6
58 63
65 98
39 36
15 20
19 55
53 77
55 92
12 28
36 28
1 82
41 88
61 54
50 77
5 19
16 84
72 53
48 57
90 5
39 95
40 19
41 19
3 74
38 6
41 15
16 53
0 81
45 7
17 61
26 43
80 4
81 75
68 88
98 66
77 4
38 92
8 45
26 69
84 67
35 95
36 68
8 55
33 63
6 12
33 34
20 25
37 14
95 29
20 24
4 48
60 92
2 51
69 6
49 39
65 4
24 60
72 30
73 89
24 52
63 94
29 33
32 19
58 74
24 43
26 55
85 31
14 74
56 60
51 59
69 26
59 37
21 3
33 46
13 50
55 40
8 34
18 45
31 6
54 51
36 20
37 34
20 43
10 25
43 75
13 71
64 2
38 78
67 91
30 79
87 40
24 81
74 76
8 66
10 43
40 37
24 3
50 92
16 51
55 39
34 51
78 60
95 97
67 62
38 87
16 59
28 43
89 1
22 65
67 47
83 50
17 73
55 86
42 80
63 81
89 0
52 49
40 51
93 77
38 14
5 11
97 1
12 9
73 75
42 77
61 39
14 92
36 14
19 14
72 21
19 53
47 31
94 68
85 92
4 84
70 36
59 62
81 46
X
30 69
98 13
2 23
72 67
65 39
20 44
11 89
47 77
1 10
37 13
49 63
40 85
45 77
82 17
95 69
76 20
37 68
56 54
29 47
96 21
10 19
68 12
39 14
78 2
35 65
68 4
11 18
86 30
30 22
58 91
92 69
29 32
60 36
63 77
79 12
84 8
81 90
24 58
87 53
82 8
79 20
67 5
88 55
93 57
16 40
9 34
61 8
49 96
91 33
89 90
25 66
53 96
82 70
84 4
34 58
14 73
56 6
1 57
61 70
89 41
53 38
21 93
55 48
40 49
55 62
53 66
25 6
92 44
7 29
48 44
16 61
X
15 65
68 38
91 53
15 33
66 8
87 4
81 92
94 5
36 43
58 68
29 43
21 41
64 60
63 2
20 79
9 19
59 77
27 61
56 59
98 10
69 4
29 89
91 0
18 22
56 55
23 93
26 88
83 4
28 81
6 8
76 49
14 15
73 0
17 75
33 32
55 67
81 93
37 64
98 12
25 32
56 14
44 82
24 68
16 22
54 59
60 66
97 27
47 96
56 0
38 42
21 15
49 65
85 68
83 32
27 2
9 32
16 57
26 24
45 26
37 86
5 59
44 26
76 38
70 96
32 46
2 35
31 97
53 82
71 72
82 83
72 25
5 42
88 14
54 45
34 79
66 86
29 78
45 53
97 22
93 62
37 63
10 87
64 37
21 82
46 89
38 81
1 51
22 71
35 73
82 94
58 71
52 45
33 55
33 21
18 88
40 75
39 54
95 45
20 53
18 2
68 94
78 90
3 22
1 81
16 41
88 6
35 47
54 46
43 72
17 92
36 23
20 30
52 4
54 25
81 28
35 33
33 47
50 61
22 75
74 41
25 11
10 64
88 12
68 81
1 29
83 98
2 73
4 85
0 73
27 20
9 70
42 70
49 53
48 58
89 55
17 23
43 30
68 83
33 13
78 64
38 82
85 83
45 44
60 88
46 61
52 20
66 2
10 33
70 14
74 23
50 75
16 19
38 67
32 86
58 10
93 34
76 98
72 26
16 24
88 80
17 52
2 72
95 75
19 83
11 46
67 75
28 12
8 94
8 18
89 76
50 85
11 73
7 18
6 69
82 34
74 98
49 24
19 65
3 31
17 15
80 50
3 82
74 38
55 53
58 18
79 66
5 14
97 69
60 89
64 29
84 16
33 59
38 75
23 38
8 32
65 64
71 46
26 31
72 34
71 79
68 62
29 55
19 9
10 85
77 66
97 55
49 93
71 64
50 24
94 24
58 9
64 85
69 56
79 11
34 78
90 18
32 75
54 39
88 49
23 11
41 65
55 43
19 21
20 76
24 72
22 34
43 89
12 58
32 29
47 33
6 34
42 75
41 74
66 81
83 13
91 83
33 42
32 36
43 48
6 58
38 97
84 81
50 17
49 2
29 24
44 16
95 37
14 82
6 15
34 7
2 69
22 7
77 16
53 46
25 21
61 66
50 11
40 7
81 58
37 95
44 89
37 0
81 80
46 11
76 34
37 16
21 53
95 6
48 88
65 56
90 12
78 12
65 86
35 78
91 93
26 89
13 34
37 48
67 25
13 17
96 46
87 74
38 95
44 68
75 81
5 38
28 68
27 68
68 39
87 81
83 56
95 59
68 3
0 11
12 17
64 56
45 50
19 25
56 1
80 31
47 30
7 97
13 11
90 83
31 17
5 39
60 59
40 50
79 90
40 42
16 0
3 81
7 82
98 70
X
43 2
91 96
95 63
66 28
41 56
9 20
80 2
94 16
67 88
55 28
73 70
25 49
98 57
72 36
30 20
26 97
34 18
95 27
7 6
24 42
1 88
65 53
70 81
84 86
24 20
16 49
14 4
35 76
16 34
4 2
65 47
63 11
69 38
67 50
51 42
82 96
1 23
27 6
25 37
67 82
89 22
92 88
89 56
29 83
X
40 82
3 90
22 76
80 96
22 64
55 24
12 95
92 85
57 76
81 11
26 50
25 34
17 59
4 19
90 25
73 33
7 58
24 90
36 24
80 85
1 11
31 63
78 80
41 91
51 72
86 64
15 22
86 46
78 93
71 12
48 7
48 76
10 82
64 90
9 55
65 51
27 33
48 72
24 34
74 3
82 47
44 94
60 3
74 74
31 48
89 33
83 84
17 49
23 98
85 79
73 23
84 69
47 8
7 71
49 41
49 56
89 63
48 87
62 8
62 90
53 52
44 62
79 68
19 13
53 63
32 90
55 56
92 72
30 57
34 64
79 92
5 2
72 28
6 48
85 50
19 11
41 54
64 77
23 97
14 90
4 47
38 48
64 42
79 57
8 88
11 45
2 45
10 77
50 3
80 32
35 7
54 70
94 56
27 13
28 86
40 2
8 53
18 74
76 12
37 91
56 25
96 41
57 65
3 91
73 17
97 87
81 88
86 62
4 11
19 69
57 29
24 88
69 81
87 24
49 37
8 76
30 18
12 21
84 87
62 16
4 25
41 21
16 58
55 52
13 72
66 20
32 37
88 98
91 56
52 38
70 73
78 86
42 13
90 96
46 29
41 66
78 75
59 3
6 55
12 85
39 20
52 5
79 67
98 1
X
80 67
89 24
71 14
94 14
6 28
95 49
3 34
90 35
49 97
45 11
48 68
X
25 17
69 66
60 0
84 85
73 24
90 75
51 18
67 52
12 97
36 38
92 68
49 4
33 28
29 76
37 96
36 79
81 89
82 26
97 68
76 2
96 75
10 83
61 11
85 61
21 69
24 83
87 45
71 74
66 24
4 32
87 41
76 35
19 5
59 90
16 2
93 89
24 21
88 45
22 21
56 10
59 6
49 40
81 94
43 96
84 13
58 95
13 94
59 35
76 70
89 45
22 19
51 5
21 76
23 28
42 44
5 66
84 39
4 66
82 38
61 37
47 43
39 52
67 30
41 87
61 40
74 24
3 80
94 32
5 12
10 75
41 2
23 30
37 20
36 66
33 31
18 72
74 27
14 59
2 66
41 14
63 53
11 98
76 77
74 34
71 42
19 6
14 70
21 56
53 75
16 9
65 11
65 89
1 66
84 47
56 51
12 93
16 15
53 50
97 54
68 72
5 95
1 53
86 8
58 2
59 4
4 82
71 78
75 92
11 13
10 59
33 33
87 91
4 30
92 55
45 17
45 52
0 53
79 3
38 61
10 18
72 74
63 67
71 29
96 54
20 45
97 72
69 51
22 18
89 65
20 57
6 20
60 77
87 90
71 80
57 21
23 50
30 46
91 65
57 61
40 11
18 6
69 98
2 63
53 93
44 24
94 38
58 59
4 61
50 37
40 44
8 75
65 30
49 38
96 2
82 86
98 49
86 31
87 2
97 65
9 92
7 75
29 74
54 29
4 38
38 8
66 18
90 59
28 18
55 31
18 17
72 85
19 82
48 36
18 57
9 15
6 10
49 11
83 19
68 92
48 20
23 42
91 97
45 85
23 34
5 56
43 61
75 16
72 71
6 7
71 28
93 35
93 7
82 23
77 79
6 2
35 21
83 75
25 83
46 66
77 77
93 59
83 17
45 45
46 94
12 71
89 8
35 23
13 12
33 82
94 74
89 23
72 50
93 82
44 65
46 40
45 58
9 40
27 49
15 48
80 14
47 34
56 57
18 29
32 49
91 19
53 81
21 8
64 95
98 34
43 20
16 5
83 10
28 84
5 82
95 42
47 16
37 61
42 60
53 6
37 82
60 69
67 98
38 83
13 85
73 20
8 15
20 16
28 46
78 10
13 75
12 79
88 15
41 17
53 26
3 29
12 56
7 30
57 80
51 95
22 68
50 73
0 14
88 68
2 64
55 4
3 16
12 2
91 26
32 14
29 6
80 33
24 82
84 28
81 49
82 55
57 82
37 65
25 75
81 55
3 88
58 77
8 31
78 83
25 55
22 60
80 75
47 51
52 33
16 33
72 93
89 26
12 53
16 14
9 64
93 38
91 37
2 47
53 12
98 15
4 39
43 23
26 84
25 40
94 3
79 69
7 85
67 96
18 20
57 67
36 0
15 83
86 73
17 29
86 11
72 37
70 10
91 73
67 92
57 7
91 69
15 88
15 2
77 35
40 1
82 80
21 31
71 92
13 19
47 42
96 71
64 75
2 70
62 89
53 89
73 83
25 41
34 71
51 6
11 92
41 7
97 70
87 87
82 46
81 36
93 32
52 39
28 21
78 32
80 70
22 12
X
36 77
20 29
30 21
4 83
35 26
65 45
29 9
4 45
39 77
45 39
72 0
65 93
72 35
69 39
22 57
97 56
47 40
12 19
69 95
62 27
46 92
37 90
84 66
83 90
49 61
31 3
46 77
48 16
42 93
54 6
44 34
93 81
48 65
85 37
8 84
32 67
9 69
84 29
80 82
50 39
23 22
15 21
69 40
45 67
93 6
23 57
95 81
19 93
67 21
86 81
36 11
38 59
30 48
66 71
8 92
84 84
7 63
50 35
14 80
73 61
91 68
3 76
17 65
49 3
33 36
92 56
4 16
5 7
15 17
97 63
92 93
74 80
10 44
39 1
49 94
21 59
69 74
40 36
22 93
1 61
45 16
6 87
55 61
36 47
68 82
65 82
31 31
35 40
58 67
82 22
84 70
41 76
85 60
89 18
31 36
35 56
77 98
97 81
23 33
4 7
56 26
91 41
15 69
0 22
30 83
86 20
93 72
84 3
30 47
25 93
24 45
49 42
91 77
8 87
92 73
10 49
97 8
17 48
54 91
73 4
5 4
78 3
9 58
79 16
15 97
7 55
15 55
74 63
84 22
64 12
0 63
25 42
91 84
91 5
45 90
27 42
97 2
84 76
88 36
13 53
19 59
49 72
71 35
77 80
80 15
70 52
43 36
66 32
76 84
30 40
58 78
52 77
59 68
37 70
53 91
68 52
23 18
35 13
90 85
0 72
5 69
32 38
8 10
65 28
47 56
50 69
18 41
85 64
82 5
66 82
52 17
X
19 41
33 48
24 12
18 68
84 74
27 73
57 13
45 29
77 86
12 27
18 82
0 57
25 59
90 13
38 13
88 86
31 42
97 4
71 1
25 70
80 78
45 93
51 91
1 24
55 75
39 86
X
66 91
34 36
91 24
51 35
38 62
25 18
45 42
98 42
63 47
26 81
61 41
11 16
95 61
96 69
96 84
45 62
32 64
36 85
44 5
12 64
85 28
37 80
12 55
9 93
7 52
63 64
85 17
19 52
64 7
75 75
95 30
5 60
48 38
75 25
94 63
62 56
26 18
78 13
59 53
38 73
36 71
83 70
13 55
26 35
77 84
22 67
22 1
46 79
98 21
4 64
62 10
88 94
62 24
34 87
45 8
96 40
33 75
18 44
19 81
6 41
3 21
12 94
88 81
37 85
96 31
14 61
5 49
34 20
82 10
7 93
13 35
88 67
41 84
75 31
55 12
15 35
39 56
28 79
14 38
38 79
1 86
33 79
93 73
91 59
44 0
10 71
14 53
14 55
85 10
36 56
67 44
47 53
77 76
84 21
54 96
33 39
43 93
58 17
72 9
95 68
59 73
29 90
96 68
24 56
90 21
46 7
18 81
89 46
53 19
9 65
19 42
59 29
45 19
95 33
55 11
42 16
9 23
6 60
35 8
33 67
64 66
65 72
54 50
42 87
1 70
68 60
46 93
26 9
56 38
85 72
91 50
94 11
26 58
21 30
63 92
24 57
25 60
28 47
96 81
79 95
68 63
63 70
69 29
62 7
39 63
74 78
81 10
55 34
90 38
89 13
33 78
48 53
39 96
44 18
6 71
25 62
8 74
92 23
68 49
26 37
56 72
48 73
65 5
48 96
37 22
42 6
23 79
69 96
57 54
44 1
13 60
20 10
28 40
9 36
61 80
77 49
26 86
92 6
19 88
31 22
32 22
97 46
90 69
48 70
90 45
13 96
93 92
59 55
47 24
71 36
84 51
0 96
12 54
37 98
26 29
85 23
6 1
10 42
42 17
36 67
70 68
12 29
22 6
22 47
50 64
13 56
67 72
4 95
59 59
35 36
49 64
45 96
39 62
36 89
20 20
54 92
15 68
87 13
28 23
61 78
92 81
58 81
77 94
50 59
5 50
55 14
38 64
96 38
81 69
77 32
95 76
69 93
8 70
62 65
87 8
40 0
54 88
36 32
8 54
3 85
8 77
83 63
57 57
17 12
7 54
27 80
52 96
38 51
72 19
50 49
81 6
46 49
22 61
72 56
74 96
6 88
62 91
64 38
55 25
14 60
56 78
75 32
57 75
19 90
57 62
56 56
16 97
81 91
13 38
92 34
53 11
14 52
60 1
4 4
21 91
37 15
59 93
21 38
73 98
81 78
97 51
2 57
82 14
92 38
94 35
98 69
6 36
91 40
53 53
45 66
5 83
11 9
63 3
95 13
89 6
1 65
27 62
26 27
31 35
14 36
9 33
55 73
20 69
66 52
28 33
73 38
60 72
84 57
70 42
48 35
30 16
94 72
42 50
90 40
77 68
20 75
56 81
41 44
74 51
75 1
96 85
30 6
95 93
89 86
X
48 39
9 57
7 9
9 81
39 60
82 15
11 66
83 59
44 80
44 83
20 4
43 69
66 56
10 57
22 56
55 51
27 8
77 53
78 84
80 0
25 33
35 59
75 93
19 15
47 58
68 23
7 96
30 24
22 41
41 78
50 13
12 72
78 19
78 46
59 76
42 25
70 82
79 21
9 26
10 88
96 78
71 73
36 83
38 84
96 43
89 78
22 5
8 52
58 84
5 43
4 27
66 51
73 42
39 22
74 79
89 5
78 91
77 46
23 5
17 93
35 82
33 71
97 94
92 3
30 52
72 63
3 77
3 86
15 6
61 90
49 46
36 63
21 97
79 64
73 73
42 3
14 86
29 46
52 35
9 66
4 86
10 91
89 50
27 7
8 5
28 9
30 74
95 24
54 82
1 55
52 41
64 11
55 68
24 44
X
95 86
63 46
57 59
9 12
10 1
55 20
79 82
78 37
6 43
39 88
58 90
75 22
58 56
54 14
29 3
3 58
3 95
77 15
2 24
56 89
96 23
16 28
52 85
78 94
12 86
92 35
15 63
43 29
49 82
93 54
39 30
70 4
81 79
88 24
65 88
49 68
82 32
27 69
67 51
44 87
98 43
23 83
66 43
93 70
72 32
22 70
95 98
39 79
37 46
74 71
13 92
15 74
85 33
39 55
46 32
76 79
41 96
3 49
55 36
46 5
74 81
56 62
66 3
71 82
56 2
36 80
74 75
3 26
18 91
8 86
86 43
12 43
64 27
11 58
84 52
62 62
28 2
93 60
24 92
38 36
51 96
91 42
91 13
10 70
53 43
62 38
31 46
24 80
41 8
4 90
74 36
41 37
79 29
43 6
45 46
3 70
94 21
58 38
35 50
15 56
95 15
68 84
35 91
82 65
15 61
37 37
76 90
94 90
72 7
82 78
47 85
70 7
97 15
38 76
76 59
32 92
59 24
85 38
51 71
83 14
93 53
76 85
40 40
39 59
91 91
58 39
45 25
97 12
54 75
55 41
27 46
45 5
36 17
2 96
3 11
48 41
72 87
57 98
14 83
41 0
97 39
65 74
10 15
51 76
96 64
43 90
78 87
95 74
0 21
25 57
58 43
36 36
80 87
72 76
58 22
37 33
28 75
92 96
10 72
38 20
91 70
31 20
41 5
10 56
26 67
55 21
4 9
15 58
43 70
97 50
95 36
78 47
81 1
51 29
21 10
73 72
27 59
11 67
76 25
79 70
82 33
56 34
61 75
94 61
58 75
5 91
53 44
94 9
90 77
1 92
26 61
21 73
39 48
77 58
75 63
87 29
55 78
89 40
21 23
18 52
12 67
19 8
46 36
66 22
61 56
78 50
6 44
45 20
25 23
23 92
58 42
63 26
79 13
39 89
29 34
23 45
92 33
90 20
32 63
68 26
83 91
7 92
92 2
49 92
15 87
25 91
52 89
42 61
1 52
96 96
25 97
83 6
55 59
42 15
85 62
34 15
10 94
68 16
85 22
44 78
59 67
31 55
82 3
76 42
43 14
0 70
12 0
40 89
34 92
44 17
76 4
52 9
64 98
96 95
84 12
52 53
73 5
2 38
46 80
55 23
89 54
21 7
93 94
50 20
42 2
15 13
75 59
27 47
62 40
83 5
50 90
64 43
62 75
58 40
6 3
49 22
92 64
34 26
81 97
1 56
45 0
65 7
6 23
24 86
52 10
41 89
3 63
96 33
15 80
12 96
81 95
52 90
10 69
3 64
93 36
89 81
23 65
87 54
34 21
80 76
0 60
33 29
21 95
1 91
34 43
27 22
98 74
46 34
65 84
77 10
12 49
58 33
42 1
48 29
45 98
14 25
97 62
96 55
34 40
15 79
81 54
77 83
84 89
73 14
89 69
69 24
34 72
20 82
87 64
45 86
45 89
45 59
7 79
96 47
23 81
52 57
35 20
5 27
85 55
81 34
85 78
75 9
34 17
81 98
93 55
11 25
76 72
80 3
68 89
83 22
80 29
43 64
76 29
76 89
70 9
49 62
86 38
56 11
86 60
78 85
98 30
4 33
88 3
96 30
88 87
33 49
24 98
37 18
68 93
44 30
97 36
6 97
95 3
21 33
59 88
2 54
42 49
20 11
67 38
31 21
71 57
53 87
79 72
72 24
40 74
73 8
40 6
48 49
13 27
46 71
61 17
5 8
37 26
13 62
68 30
14 65
8 9
14 87
61 0
54 80
28 71
91 85
4 35
44 55
65 58
80 28
75 85
97 53
98 87
34 77
76 43
56 5
85 11
16 50
84 73
28 76
76 54
54 23
63 30
10 60
65 96
73 18
19 78
92 53
59 26
70 47
89 64
91 54
50 96
37 52
33 72
53 57
98 35
4 43
32 54
61 73
28 69
88 35
78 55
34 70
4 72
41 59
4 67
63 79
53 69
15 60
97 0
68 40
13 45
79 41
75 80
38 34
67 43
77 22
53 5
5 30
37 50
39 2
7 90
81 31
49 85
20 22
34 52
57 74
63 71
72 52
93 14
57 93
8 67
39 29
76 80
20 92
65 29
41 18
55 60
35 15
39 26
55 93
8 48
20 63
16 16
46 59
57 88
56 20
46 45
91 35
41 47
16 76
31 68
24 69
61 52
35 89
88 46
45 56
25 92
65 76
53 7
63 24
11 30
90 36
29 31
59 82
65 37
72 20
85 85
18 7
74 5
19 89
91 86
50 82
27 87
50 76
73 46
2 14
16 73
59 74
3 96
57 96
24 48
96 92
23 40
59 47
20 19
89 58
50 36
59 23
13 28
52 92
78 68
37 12
41 68
93 51
33 65
85 56
21 40
50 2
57 44
76 16
39 33
46 15
31 67
95 12
76 61
69 79
29 20
23 3
41 82
59 15
12 24
69 58
90 98
75 61
41 12
49 71
12 48
79 65
19 77
81 3
91 38
46 60
16 71
19 12
66 47
5 94
24 49
17 90
41 81
3 94
7 13
24 67
43 73
75 7
55 55
27 40
54 54
22 74
89 28
43 95
10 61
70 92
54 15
11 26
49 60
72 64
47 9
39 37
45 21
50 30
42 23
92 16
43 35
66 84
24 89
47 73
72 95
61 2
51 60
22 48
21 60
98 29
75 44
41 95
54 40
39 25
28 48
88 4
84 6
66 92
47 80
38 47
16 80
30 29
46 38
8 8
49 8
84 40
74 50
15 49
44 32
28 7
52 23
61 94
28 25
82 77
11 90
97 80
78 24
86 10
98 47
65 55
60 48
37 11
90 24
4 59
80 44
4 89
75 77
22 15
35 68
58 23
73 37
74 16
23 73
80 89
12 45
8 20
19 45
43 49
77 93
5 96
84 33
45 49
95 41
49 35
59 2
31 23
7 38
10 39
77 31
52 74
73 96
9 48
21 77
38 11
49 58
12 18
7 89
1 63
98 62
95 71
45 31
84 82
17 4
18 78
31 60
18 12
50 27
32 70
93 79
10 46
64 9
98 82
82 49
31 87
35 93
26 60
28 3
7 19
14 10
90 44
9 43
8 26
94 34
55 63
74 72
8 68
17 19
57 11
75 73
42 91
44 77
38 27
30 60
52 19
66 57
41 39
8 13
57 69
19 60
5 89
85 86
7 46
7 81
92 54
38 19
87 95
41 41
10 2
2 94
31 28
95 5
97 48
60 82
29 28
36 60
16 78
70 54
23 61
2 97
97 93
66 70
69 2
58 15
60 17
90 14
40 17
54 94
90 97
88 96
39 72
45 60
95 26
87 55
49 87
38 35
38 18
95 57
8 42
10 45
25 36
12 89
15 16
65 18
71 53
0 58
60 23
47 21
79 7
97 19
14 71
70 13
80 49
17 24
63 36
12 36
33 24
74 6
76 56
53 1
41 46
85 30
22 55
76 81
65 91
26 62
67 46
93 11
41 45
71 31
53 64
93 66
80 71
83 3
74 61
69 32
29 51
10 47
12 61
22 58
60 18
4 81
72 8
56 88
47 19
78 8
62 55
92 45
29 77
9 80
64 45
65 59
25 98
3 69
20 38
75 54
40 55
55 58
42 89
71 81
98 33
93 68
64 58
87 11
59 27
48 78
30 33
54 0
67 53
60 75
73 53
30 41
89 14
47 79
52 30
42 79
80 98
21 54
91 95
5 64
73 63
39 75
61 92
74 93
98 95
29 91
9 8
83 16
69 59
94 28
14 64
18 0
77 34
61 64
7 50
32 35
81 73
27 4
8 65
53 0
83 7
38 45
94 80
42 48
93 41
24 17
61 88
25 76
5 45
33 80
8 80
73 55
34 60
68 79
21 66
57 95
51 3
2 53
53 23
66 59
62 60
79 17
82 75
62 78
11 94
95 32
27 75
90 43
21 98
11 39
22 35
32 80
24 78
35 42
62 72
68 22
44 84
45 80
69 28
29 39
78 45
61 48
24 47
80 91
76 67
11 75
55 71
51 75
76 55
22 62
62 26
79 96
65 94
44 28
71 10
60 91
36 37
96 44
41 49
49 89
97 3
56 45
90 66
86 61
59 45
82 7
53 47
43 8
77 72
31 79
59 78
62 35
29 67
54 24
66 93
69 70
93 43
40 76
56 84
10 89
16 86
38 85
54 5
41 85
17 68
3 73
87 56
68 47
98 91
37 32
3 25
9 94
84 2
43 83
4 31
75 45
57 78
69 94
18 43
7 88
70 62
69 41
22 20
87 63
72 73
88 56
67 16
73 79
86 78
8 95
23 54
32 32
63 72
87 31
17 18
66 61
54 61
74 56
23 74
8 56
19 7
87 33
53 84
59 39
12 78
6 56
69 35
4 97
30 81
98 64
90 82
11 12
73 7
11 48
3 98
3 93
73 36
57 25
71 97
63 85
84 50
59 7
88 50
22 98
79 34
88 66
38 63
37 25
67 7
47 71
46 13
79 54
50 6
15 54
98 80
46 8
61 38
30 10
79 0
72 86
43 71
81 16
36 57
46 87
29 41
75 57
10 29
37 41
32 21
71 75
22 14
61 84
17 13
39 74
75 64
4 60
11 34
74 94
71 33
80 57
75 79
17 11
3 51
11 35
20 95
56 22
62 15
43 68
54 60
24 50
10 90
69 5
31 34
83 18
16 79
25 43
25 61
23 76
33 85
26 70
0 93
80 12
84 60
39 27
62 37
45 15
87 79
34 63
75 24
55 54
79 24
27 27
12 59
32 42
5 32
1 12
96 76
22 31
51 2
52 54
69 9
18 54
93 67
45 14
6 46
37 28
43 78
61 10
10 98
12 13
92 51
63 15
95 4
1 77
32 85
30 87
53 3
38 22
94 62
8 98
9 22
34 59
52 76
89 97
41 55
26 46
28 1
25 44
39 43
88 18
32 33
24 16
65 33
17 58
68 29
50 60
91 75
81 44
96 27
7 5
60 35
25 54
19 44
87 19
98 7
97 26
52 2
69 25
58 79
90 57
95 82
X
55 27
9 16
71 44
40 46
35 64
5 9
9 44
81 23
45 92
87 57
58 31
74 86
6 68
5 15
3 18
41 69
54 78
35 9
40 22
22 8
62 47
7 87
52 22
79 40
46 41
83 87
76 44
33 95
13 46
15 12
23 60
70 63
60 63
13 54
90 55
73 22
47 35
X
45 68
8 23
51 22
51 85
60 83
13 20
95 43
10 97
15 52
16 42
5 29
50 81
17 60
80 11
14 21
62 48
59 17
35 75
13 93
59 80
44 92
33 51
49 86
82 67
51 30
34 31
21 63
36 26
46 48
79 59
13 18
83 69
3 59
56 63
12 87
82 82
55 26
19 24
26 53
79 38
85 18
78 1
57 85
91 57
66 33
80 46
80 7
48 62
5 44
33 22
15 14
46 51
93 42
21 22
79 8
79 23
59 48
34 89
54 53
24 37
14 77
13 39
45 87
79 58
16 10
47 88
72 38
19 34
45 55
33 86
17 35
47 97
37 59
26 44
4 44
98 26
30 35
79 93
67 37
83 9
20 54
95 11
77 59
57 6
42 39
76 83
46 95
66 88
59 41
43 34
49 75
1 98
88 92
56 91
91 72
94 13
15 18
28 62
66 87
49 29
38 25
46 43
37 57
45 54
36 39
5 78
51 54
74 91
34 34
9 38
85 74
31 29
34 13
82 52
65 92
72 65
80 90
73 19
51 58
38 80
44 39
81 12
91 21
91 25
61 91
89 16
15 75
59 91
12 41
5 26
44 97
10 26
90 62
73 77
82 56
24 31
37 43
60 27
47 57
75 23
50 63
11 27
64 62
88 11
3 19
29 66
54 2
48 47
81 14
28 26
72 2
10 65
96 25
39 73
57 81
20 65
96 19
16 70
73 97
91 39
8 7
59 65
89 83
3 87
98 85
78 18
24 33
30 17
67 95
68 17
61 24
70 3
39 16
73 85
77 73
34 32
X
15 25
19 51
20 21
73 30
0 52
10 20
15 51
24 18
19 23
13 58
40 48
X
89 74
12 60
53 78
53 14
5 6
89 85
87 88
0 86
10 35
62 36
50 53
18 18
31 98
70 22
50 4
26 49
9 91
76 64
44 13
73 78
67 80
36 92
47 47
81 8
48 27
51 53
52 61
2 92
93 22
33 27
67 59
5 1
66 4
68 91
14 26
70 71
11 71
75 86
75 88
49 30
35 70
29 49
78 58
44 29
30 55
23 64
48 64
91 22
58 65
41 50
78 78
86 13
5 25
19 17
49 77
45 88
84 62
44 11
42 88
36 19
0 20
60 54
9 37
43 24
55 91
52 50
68 56
62 30
88 88
61 9
51 19
83 47
45 47
36 95
41 42
51 8
57 9
40 79
96 39
64 71
3 9
86 98
43 81
98 96
43 47
48 93
43 10
88 7
52 62
63 55
28 28
36 7
84 7
29 56
49 19
94 82
25 85
78 9
24 61
54 3
39 32
92 57
47 86
42 19
61 55
6 27
22 79
76 50
87 82
54 26
88 22
69 1
80 55
98 41
70 55
72 48
47 37
90 68
70 30
30 19
74 70
11 64
57 12
63 19
20 8
1 30
50 12
1 87
20 94
X
30 77
78 59
57 40
7 72
80 34
60 67
43 19
25 22
24 39
85 39
89 94
4 68
17 72
90 86
82 39
16 74
91 94
73 29
47 50
93 37
25 69
76 92
X
9 49
7 37
43 57
13 22
30 90
72 33
92 86
23 16
78 17
79 73
64 24
86 87
9 96
33 89
12 14
93 29
87 70
81 18
37 1
61 28
83 74
3 17
47 72
2 67
X
12 66
4 15
91 1
46 37
5 0
13 64
X
56 92
14 11
94 4
76 17
90 92
70 26
31 8
1 60
43 77
7 61
86 7
58 53
91 18
66 95
74 20
60 6
47 44
8 35
X
79 63
35 43
56 32
69 80
74 84
70 57
85 59
34 69
12 35
19 76
25 39
53 36
65 32
86 77
62 80
85 63
57 94
12 92
56 12
4 73
48 48
56 85
7 23
98 9
41 40
15 9
26 74
67 4
53 58
59 94
12 62
16 4
15 19
2 60
81 70
53 85
27 53
6 61
36 40
9 84
26 83
97 32
23 68
X
38 66
30 94
17 56
2 81
75 10
17 9
46 82
11 14
16 7
20 98
82 9
43 87
65 66
13 29
0 56
73 51
67 78
98 24
96 90
74 32
21 20
79 4
1 44
8 78
39 6
42 86
9 76
82 97
48 42
76 51
0 46
30 9
93 93
23 1
80 8
66 5
64 26
0 66
75 56
85 32
41 86
64 48
93 15
95 58
14 96
47 29
59 28
35 69
6 33
60 73
52 81
48 37
56 82
91 14
44 91
26 22
92 39
56 39
83 73
30 36
75 53
8 17
92 37
50 66
85 73
9 17
16 29
77 30
71 77
30 54
65 38
25 45
22 97
3 72
64 64
80 48
95 2
48 86
26 26
66 90
50 88
22 87
67 24
30 85
61 74
48 94
63 65
23 15
12 22
6 6
26 98
69 78
9 50
54 19
92 59
96 56
22 85
67 42
60 16
20 13
80 26
70 67
11 82
97 84
26 14
88 17
49 79
43 54
15 76
75 13
6 81
42 90
32 88
22 11
28 45
49 20
38 50
66 85
45 51
90 60
43 33
97 37
3 15
7 16
30 23
11 65
35 85
87 98
14 95
73 2
93 33
6 70
47 27
42 56
6 76
57 4
91 76
31 40
48 15
9 6
7 95
11 53
66 45
2 13
29 26
48 21
50 65
60 40
53 20
16 17
45 76
16 6
55 0
59 70
69 8
49 73
53 2
32 55
66 42
69 3
47 66
50 33
71 56
78 4
47 64
16 60
27 3
54 7
66 89
49 76
64 61
14 27
91 43
65 83
11 85
10 3
68 55
34 24
53 73
36 29
62 66
58 3
51 33
62 70
73 44
46 42
54 95
43 32
33 35
32 28
63 16
41 24
86 29
28 14
63 56
23 19
71 2
98 93
87 77
37 55
31 80
28 41
39 38
54 73
11 55
79 37
20 81
84 98
39 5
10 55
70 94
61 71
25 90
8 4
14 76
94 23
84 34
43 56
4 88
46 96
35 79
59 81
75 35
1 45
54 77
78 23
95 87
74 31
14 17
30 78
11 11
13 73
58 97
7 47
90 52
10 40
23 91
81 13
28 59
98 32
69 65
95 40
68 28
54 89
12 47
59 25
68 32
84 63
68 50
59 61
58 16
81 26
61 93
92 66
71 58
92 89
73 26
1 94
9 95
44 66
55 76
51 55
2 28
45 27
80 20
38 60
83 33
88 58
43 60
86 56
72 45
46 91
2 26
23 4
51 17
98 40
94 73
18 51
60 47
63 40
41 20
66 21
8 16
29 0
94 58
14 12
73 25
62 31
57 14
72 61
96 24
7 91
34 57
20 7
48 13
89 49
12 42
27 12
61 16
35 88
89 71
46 55
5 71
41 13
41 11
25 20
97 23
9 10
5 18
15 82
23 23
18 63
54 16
24 23
41 63
96 15
69 97
21 46
63 31
55 38
26 68
21 35
2 55
66 26
30 91
0 59
9 87
74 88
58 94
12 44
11 10
17 74
98 89
91 45
71 27
21 57
77 38
86 88
21 45
28 64
93 90
45 81
8 90
51 38
82 21
34 48
44 95
56 15
81 17
26 64
40 68
20 74
44 8
95 92
23 71
40 45
17 71
77 61
59 52
88 95
20 97
89 92
13 37
70 41
18 90
61 81
70 27
26 76
10 37
31 32
90 17
31 94
25 53
36 86
48 45
61 29
38 68
90 46
X
62 93
X
27 82
55 79
X
65 48
53 65
53 45
81 48
24 94
93 91
X
X
X
80 45
91 63
45 43
X
X
X
X
40 23
X
95 65
26 28
X
29 37
X
97 92
94 44
X
X
X
36 45
60 71
79 84
X
X
X
X
X
22 44
5 20
X
X
X
X
3 12
X
75 46
39 45
15 71
X
61 85
11 33
90 26
X
13 33
76 71
X
94 59
95 70
X
56 33
X
5 33
X
29 42
X
35 92
X
80 47
85 35
69 90
X
63 35
X
X
23 75
53 59
X
13 77
X
60 53
X
X
79 14
17 54
65 17
87 80
83 67
X
X
X
X
20 27
37 36
48 56
69 68
92 70
X
35 10
54 86
X
X
X
7 80
X
82 48
X
20 55
30 86
55 82
X
76 53
X
76 87
28 91
56 69
X
38 0
36 73
96 49
X
X
X
65 69
X
77 56
X
74 92
51 4
X
8 49
X
X
X
X
69 22
77 13
X
94 55
76 93
71 32
33 26
X
75 72
46 33
30 37
X
27 78
X
X
17 40
X
X
X
55 32
X
X
4 51
X
62 9
11 56
X
6 26
X
57 33
50 67
46 64
X
X
44 54
87 7
X
98 68
29 68
10 32
11 72
X
52 6
X
30 15
42 10
X
X
27 64
0 15
X
27 91
74 64
X
78 35
95 77
40 12
X
X
97 67
X
6 84
5 51
48 50
5 61
8 50
30 30
73 95
X
X
X
51 50
X
8 91
X
X
X
X
X
80 22
X
X
55 19
36 30
65 49
X
X
X
X
82 73
28 57
84 78
91 16
94 27
31 71
86 53
39 17
17 17
53 17
66 66
92 92
79 10
X
18 27
58 4
X
72 89
98 71
X
6 85
X
X
31 26
X
X
45 40
X
63 25
56 9
77 17
X
X
59 40
X
11 22
4 94
89 53
X
6 40
X
21 94
3 32
64 96
85 25
83 26
42 5
X
X
27 58
X
67 77
X
X
X
X
77 69
X
91 34
X
X
36 88
18 19
14 88
X
X
67 70
13 86
30 43
56 29
54 90
X
56 31
65 90
71 70
X
95 14
X
X
13 79
56 87
39 97
X
8 40
X
5 87
X
43 1
13 23
X
11 54
X
22 95
27 83
X
X
X
X
66 40
X
88 53
4 71
X
11 69
72 47
X
22 30
X
X
90 76
58 54
87 85
95 47
X
68 24
88 83
3 27
X
63 38
42 24
39 82
X
X
X
86 54
X
47 7
X
34 88
X
26 41
28 83
X
X
11 8
X
78 82
X
54 58
X
31 86
54 21
X
X
64 72
13 16
X
2 59
6 98
2 86
42 7
78 15
27 41
X
20 58
X
X
X
34 65
74 87
15 10
29 81
20 41
X
X
49 57
X
17 84
X
41 57
X
X
67 26
X
57 90
20 72
93 69
61 65
64 49
87 3
X
21 72
56 94
55 85
39 57
71 34
X
X
61 53
97 57
X
X
44 96
X
78 14
61 47
92 22
79 5
X
62 88
X
X
51 86
41 67
X
20 62
X
X
X
X
88 5
X
1 27
19 57
60 56
X
26 12
64 59
12 6
16 92
24 59
79 75
X
59 92
30 26
X
X
73 86
0 50
31 39
4 76
13 89
18 59
77 45
X
X
X
X
X
84 79
X
33 18
X
30 39
X
97 43
83 86
X
98 31
X
24 75
X
13 40
47 70
83 38
80 30
X
66 37
68 80
50 48
X
38 31
X
X
61 36
X
X
1 72
X
X
X
X
50 79
94 92
X
X
31 2
94 46
X
X
X
X
X
X
8 93
X
39 44
11 59
39 90
X
78 79
X
X
87 44
28 42
X
82 20
94 70
1 48
66 34
67 22
X
77 91
91 44
26 73
X
83 94
38 58
X
X
10 68
X
X
87 38
77 67
X
X
X
X
X
17 96
35 39
57 51
81 96
X
X
X
95 39
X
X
17 14
47 59
80 92
X
73 35
95 78
X
15 91
15 34
42 78
67 39
X
X
X
17 91
58 26
10 93
5 55
18 28
32 3
48 85
33 38
26 78
79 87
X
X
41 38
24 36
43 59
X
X
X
X
67 63
44 37
61 77
X
X
X
37 92
X
44 58
31 57
35 62
63 76
54 38
24 6
51 25
X
46 21
X
41 92
13 59
79 15
X
62 25
X
50 7
65 8
17 7
23 7
X
20 73
X
X
53 28
X
X
70 44
24 26
X
74 22
X
X
14 19
X
0 68
73 59
X
52 18
23 90
37 87
69 55
33 64
X
X
58 7
28 74
43 94
75 33
20 14
42 63
X
52 73
68 42
90 65
X
X
38 33
21 29
22 42
20 42
71 7
67 41
X
86 41
70 8
94 83
29 75
76 78
X
80 65
90 0
X
1 97
43 37
X
X
66 83
85 51
33 87
X
78 31
X
X
27 39
37 77
12 7
94 37
46 18
73 43
X
27 21
X
X
X
52 21
X
X
53 18
87 43
86 42
36 50
67 74
X
1 68
X
36 62
6 94
43 62
X
14 7
8 41
28 58
X
79 61
X
X
X
28 72
36 52
X
X
X
77 89
X
X
X
4 50
17 6
29 50
76 24
X
X
74 21
36 72
X
28 49
50 62
X
51 34
98 78
97 59
15 77
X
35 63
76 23
10 17
10 21
19 71
X
65 62
41 48
X
29 4
90 70
6 21
X
44 48
X
X
58 21
42 36
X
X
X
59 71
69 72
X
X
X
X
X
53 61
28 50
85 16
4 69
X
4 3
27 60
X
81 66
X
31 92
35 19
40 60
X
X
44 60
X
X
43 53
X
20 70
X
74 8
53 80
X
98 51
0 98
95 64
X
X
X
X
76 66
X
X
X
27 74
7 10
86 37
96 11
47 60
87 46
X
X
25 84
54 1
X
11 91
38 1
83 40
60 29
X
85 80
27 34
15 64
X
X
X
16 81
59 38
34 41
43 28
44 50
X
11 86
X
X
X
55 46
X
X
X
31 93
77 51
X
12 46
X
57 23
X
24 95
84 1
X
X
X
7 2
X
52 91
10 84
60 86
12 1
X
74 53
39 21
X
53 74
57 73
69 53
X
39 68
5 10
X
X
X
17 16
96 32
72 72
60 85
5 90
15 96
52 56
X
73 16
X
75 21
X
X
58 57
1 64
27 98
77 21
X
X
X
18 62
41 75
59 66
40 25
X
X
82 74
23 72
70 46
94 77
77 47
81 86
37 66
X
70 80
67 57
8 12
40 77
8 47
75 91
9 60
49 12
X
91 98
8 96
3 30
48 77
X
32 31
X
X
86 3
80 93
X
10 67
X
18 75
X
19 80
23 37
67 81
41 10
35 49
88 2
40 9
X
X
1 19
X
X
77 24
47 6
X
36 49
X
X
33 11
X
7 4
62 51
X
X
67 45
X
47 52
X
61 89
18 71
X
X
58 85
18 65
88 28
X
X
51 51
48 31
X
X
52 51
X
X
75 30
80 54
X
28 80
81 25
X
28 78
X
X
83 95
52 52
75 51
X
X
X
X
47 28
2 0
5 97
X
X
9 67
X
98 50
86 83
24 84
22 69
X
X
80 1
X
X
70 95
X
X
90 51
45 24
X
X
91 20
5 74
X
22 13
34 95
32 41
7 7
X
X
14 18
2 49
59 96
27 14
X
32 2
X
X
X
12 25
X
X
21 21
68 98
X
21 2
X
X
83 61
X
X
54 83
21 17
33 17
88 41
X
X
17 5
15 27
82 31
X
0 95
X
24 53
90 63
X
65 65
55 5
70 32
39 53
X
X
57 34
63 75
84 65
X
56 52
87 49
17 20
X
23 2
X
X
13 14
X
X
X
69 83
19 73
X
76 28
50 72
71 52
X
X
85 20
X
15 53
X
X
39 11
30 98
X
86 18
X
X
48 60
X
96 89
X
X
X
18 5
X
38 37
55 88
X
23 47
96 26
X
X
58 80
X
X
6 42
61 26
X
X
9 25
X
81 85
X
X
54 63
X
X
93 78
X
X
X
0 69
X
96 57
X
X
91 92
23 35
33 66
X
85 52
X
25 30
8 57
82 25
42 95
93 27
X
X
X
87 52
X
13 87
96 45
X
27 90
X
X
87 35
X
X
31 25
X
56 42
21 28
29 97
44 90
13 61
8 30
X
X
70 31
39 51
14 69
6 90
45 37
45 82
96 36
X
89 62
67 55
11 61
63 7
52 60
X
X
X
X
91 4
70 20
49 14
X
4 49