33 54
93 107
194 46
10 46
141 76
99 98
196 97
148 114
13 128
122 31
81 48
53 78
104 31
5 98
181 196
177 144
102 100
128 50
128 100
97 97
111 101
173 196
181 96
18 123
42 128
87 59
11 78
28 148
62 175
5 59
55 76
178 58
181 72
8 71
118 47
35 49
41 70
152 37
29 98
15 69
40 128
76 48
42 75
52 69
181 69
28 128
159 74
159 96
43 137
65 36
70 36
79 36
85 73
158 36
80 73
40 162
94 43
120 43
136 171
118 95
19 165
149 162
117 7
121 124
104 123
151 30
85 105
79 122
81 3
170 48
44 94
80 12
182 93
177 109
137 139
113 98
129 47
24 183
117 167
150 116
75 1
4 42
117 184
170 74
148 95
23 167
185 74
110 140
161 95
14 129
85 58
174 30
125 77
180 39
121 74
191 115
38 31
188 154
193 176
123 162
188 152
35 75
165 176
195 115
7 30
67 180
11 180
96 69
46 62
24 141
18 175
159 31
20 32
67 72
69 102
172 107
16 73
141 147
11 38
129 48
192 9
137 108
20 186
138 112
44 74
30 32
6 50
183 177
167 179
158 49
141 150
98 148
109 148
58 139
4 72
15 72
189 128
135 140
150 115
50 158
161 13
86 68
103 68
193 183
86 114
68 121
100 88
150 76
24 115
138 89
63 128
191 58
190 75
118 81
49 14
83 143
19 5
132 159
66 116
156 13
106 14
144 54
82 90
135 121
166 167
95 14
89 56
3 91
88 54
76 90
13 57
31 195
189 157
110 157
140 77
50 195
89 112
19 102
32 8
34 56
91 157
99 110
160 9
79 74
159 78
146 150
19 103
120 56
117 144
2 93
11 10
86 84
76 27
106 144
33 182
62 60
30 103
12 11
71 102
97 19
27 75
176 81
154 176
131 192
57 58
21 104
85 81
126 109
64 14
190 50
17 8
193 3
188 78
162 106
108 31
53 137
159 167
158 32
107 77
106 75
28 41
90 189
54 115
187 165
141 195
125 59
69 4
117 42
91 2
125 80
54 75
105 73
7 167
100 167
139 103
44 86
30 193
51 74
60 83
168 33
68 49
191 41
34 74
74 1
194 48
83 2
160 12
188 40
151 40
159 194
10 84
161 84
85 59
104 144
12 76
144 183
114 84
168 53
147 190
10 154
155 86
147 143
147 52
49 5
106 192
42 183
25 181
113 149
67 134
X
X
41 47
93 85
X
48 165
126 71
161 118
63 47
124 56
187 151
78 98
42 48
51 176
159 155
40 87
94 32
X
189 78
126 84
181 179
156 124
X
15 133
11 84
X
X
176 168
128 85
86 122
53 141
37 175
105 142
100 134
157 10
78 38
69 119
38 50
X
X
124 45
13 73
57 79
144 181
77 107
124 129
4 184
X
83 138
50 55
X
14 80
49 195
93 83
160 191
4 118
27 49
188 114
73 56
X
46 44
117 80
63 114
114 80
42 123
93 80
152 90
68 114
124 46
119 143
120 151
78 47
51 146
44 123
132 161
119 43
189 178
56 114
6 46
57 78
121 78
48 47
191 78
X
107 15
187 169
109 15
7 73
163 78
130 163
24 134
157 101
7 117
30 170
77 54
84 95
128 191
102 106
78 106
75 138
34 123
55 41
156 153
157 124
110 112
172 38
63 45
81 55
X
79 138
131 38
76 45
26 181
32 125
141 55
101 190
85 162
13 76
67 116
126 49
128 153
130 45
34 107
12 107
105 49
53 138
X
X
164 158
76 33
169 50
40 62
118 140
54 107
131 50
X
137 140
X
187 140
81 44
31 106
75 163
63 115
154 105
34 33
87 109
158 194
189 100
63 163
4 73
97 84
142 102
X
73 125
169 47
75 102
2 39
163 74
X
122 145
104 33
173 47
93 84
131 115
46 41
84 74
119 154
X
91 155
119 162
78 119
16 103
13 52
X
28 52
35 103
109 118
31 94
110 101
52 101
36 103
47 54
40 166
X
68 44
141 194
84 71
8 118
71 139
68 193
157 70
57 193
138 181
27 47
26 47
X
53 47
X
160 13
26 120
176 91
147 91
10 87
56 120
71 146
169 194
31 116
8 46
45 82
56 171
21 87
153 90
141 72
7 171
67 114
96 67
128 3
90 146
138 108
122 12
136 77
145 143
137 114
51 90
171 138
X
179 53
66 75
26 139
114 166
49 150
X
83 73
143 195
134 110
123 90
90 41
83 3
13 139
74 93
42 74
44 166
79 3
181 90
116 53
133 115
28 12
55 54
X
173 12
15 193
145 40
155 192
61 1
4 146
15 119
99 195
3 41
139 81
138 95
163 169
X
67 162
92 174
70 91
12 2
55 195
30 91
104 174
23 185
152 169
24 83
11 142
183 51
X
190 172
153 82
88 4
68 37
84 136
89 145
79 2
X
69 121
60 62
194 118
145 106
X
13 176
59 162
145 116
112 33
126 1
67 137
161 110
166 171
106 127
165 117
126 183
14 141
156 194
52 68
105 127
72 67
55 166
128 4
180 105
42 5
94 91
174 154
153 54
191 2
6 102
124 10
103 64
94 194
28 147
131 114
159 10
64 114
187 172
84 141
117 27
10 11
103 27
66 16
27 73
90 196
57 73
195 59
121 145
89 10
74 63
132 109
75 139
90 192
65 8
10 142
88 8
113 11
23 182
45 5
151 39
170 65
56 157
124 108
186 65
42 10
192 171
106 48
186 156
107 179
72 150
48 10
75 63
151 169
75 150
175 172
137 110
151 9
144 106
132 63
24 15
155 9
87 35
54 108
75 64
158 13
52 14
71 138
37 73
71 148
55 73
125 60
193 115
154 72
162 121
6 141
52 86
38 169
35 56
38 56
55 32
179 54
76 34
105 187
127 174
178 60
118 193
123 174
66 37
77 180
192 60
139 156
6 184
105 192
136 167
191 8
97 62
34 149
22 9
31 174
43 3
53 14
34 17
13 51
188 67
74 100
160 54
152 55
61 146
108 55
51 195
88 68
137 121
159 174
158 3
179 104
135 11
155 8
126 176
148 165
158 8
72 57
45 9
185 165
149 31
155 3
17 9
17 191
69 93
64 93
168 181
112 112
141 14
94 93
158 56
61 182
176 95
17 166
144 102
146 165
170 138
74 34
132 165
160 14
151 95
189 14
177 102
95 13
46 106
115 51
128 183
104 99
179 35
141 9
135 9
45 7
114 175
74 166
154 145
97 156
100 166
51 124
151 137
90 112
165 115
169 196
27 94
173 197
33 161
9 4
132 191
193 93
130 191
62 31
187 168
108 171
49 8
180 52
100 164
28 40
137 96
140 96
158 10
156 10
16 108
50 114
4 174
147 184
162 153
114 10
128 35
19 153
55 42
5 30
163 108
112 190
76 4
193 48
132 104
189 12
98 176
130 3
145 65
118 194
81 128
192 30
30 186
180 94
135 171
76 37
66 2
136 112
83 1
39 116
55 171
103 111
166 2
159 171
102 89
138 100
53 176
171 11
53 41
174 162
4 190
79 30
50 164
192 11
41 30
66 36
54 50
91 40
122 162
89 35
44 162
146 114
35 139
71 191
50 157
79 127
87 3
44 163
109 123
75 98
48 50
126 3
144 143
20 36
138 170
172 142
155 43
121 149
67 159
59 161
176 146
135 130
47 47
134 171
124 130
45 44
22 34
167 61
80 36
124 132
159 170
141 180
65 171
67 171
63 50
154 37
42 40
94 81
191 18
42 50
68 194
31 127
143 68
69 194
64 116
139 184
27 125
34 195
118 69
20 190
121 193
121 158
33 50
132 99
25 141
8 150
172 49
96 97
152 50
105 34
108 34
36 147
15 190
36 50
177 96
184 37
188 36
179 186
158 153
25 123
193 178
88 149
104 49
147 37
103 152
115 47
54 100
77 174
162 96
195 97
129 50
68 191
129 45
111 31
45 41
98 156
82 50
146 123
3 176
1 163
29 32
125 122
117 70
152 54
148 54
86 158
177 139
57 32
184 139
59 156
104 97
152 43
120 158
78 36
180 36
91 112
43 98
30 160
28 46
27 98
98 52
132 188
51 55
33 98
52 168
112 34
133 128
19 156
56 32
67 133
54 20
67 32
49 42
165 194
100 175
66 114
75 179
171 19
145 114
122 151
50 40
56 135
106 60
18 118
31 170
193 97
39 19
96 19
190 18
66 179
175 108
71 134
186 104
48 158
53 150
111 100
124 100
42 179
73 150
191 129
106 32
111 34
41 97
62 97
76 180
50 18
103 147
25 46
129 159
34 18
131 156
5 100
77 34
156 61
178 69
151 181
118 39
91 122
55 187
18 133
112 122
49 16
67 135
148 68
41 116
139 16
142 36
40 194
110 32
79 16
78 16
178 72
169 178
107 192
16 71
126 31
75 32
192 115
54 170
189 120
51 34
94 69
14 89
9 154
125 120
187 68
190 68
76 185
74 89
7 71
71 147
157 144
107 19
105 181
120 70
51 40
30 190
43 70
139 89
30 146
163 116
60 87
39 146
48 170
172 162
15 115
149 89
129 89
128 89
126 89
105 191
164 155
146 149
156 176
55 174
23 61
41 183
150 88
72 88
135 70
180 124
97 108
39 87
108 126
186 138
101 176
96 164
137 70
51 50
120 126
7 88
19 188
147 158
44 43
30 163
49 106
54 164
119 24
85 30
118 24
137 103
172 176
53 118
53 23
38 185
108 124
182 92
145 115
31 26
197 180
178 5
159 169
159 139
179 105
38 65
81 126
108 118
152 171
27 140
29 163
140 181
139 41
83 163
121 194
95 23
158 129
158 30
167 30
127 85
6 123
6 23
161 94
189 77
175 94
182 94
132 171
39 67
86 193
137 104
136 105
123 60
26 114
43 126
182 29
8 100
50 190
143 106
79 180
52 51
54 126
50 51
54 173
49 6
85 141
94 30
65 6
22 104
159 154
31 115
53 6
64 163
70 163
107 72
172 10
73 163
33 154
196 30
166 4
45 39
127 4
177 93
17 5
81 30
183 192
54 5
53 182
147 93
32 94
68 182
36 181
23 17
103 99
124 98
97 194
14 27
85 27
96 166
122 112
38 181
84 99
109 122
162 115
57 194
48 106
71 194
105 27
90 148
123 154
130 27
177 141
182 27
118 163
84 94
112 132
29 138
114 164
89 193
75 109
13 93
20 116
14 93
194 115
28 149
87 163
183 196
85 155
116 67
141 174
147 114
24 140
49 155
191 174
182 138
100 24
133 114
56 24
72 60
56 68
144 103
47 9
98 68
112 121
34 138
195 60
168 132
39 29
124 67
138 169
133 159
38 114
119 28
169 29
92 190
15 192
130 180
161 75
191 126
71 71
120 148
85 71
102 71
108 122
6 22
51 167
62 182
74 136
180 38
106 38
20 148
70 17
119 151
33 17
110 169
129 179
28 116
41 195
34 27
74 27
154 71
89 173
52 78
156 63
158 123
176 172
64 5
191 56
14 116
50 88
181 101
151 134
27 129
165 172
72 135
17 26
77 151
28 26
193 195
25 86
24 65
168 26
107 124
12 149
131 110
190 65
80 125
6 51
173 65
135 126
17 156
52 147
51 147
76 5
138 110
125 109
54 52
7 25
113 147
169 59
192 142
158 139
91 63
88 196
16 67
138 72
194 88
66 73
44 115
160 120
147 19
78 126
148 106
139 71
65 71
173 192
37 171
192 126
95 62
23 65
36 18
82 141
169 191
100 18
192 52
45 108
93 194
98 33
41 164
7 173
X
41 19
29 118
23 68
177 172
4 192
158 33
4 21
X
50 150
33 162
130 182
65 120
25 169
X
X
88 32
158 63
85 82
61 155
23 34
29 186
5 133
118 184
189 141
X
8 52
28 16
88 121
52 90
31 52
X
162 169
111 110
108 19
141 40
167 135
46 82
34 109
24 127
91 89
191 170
139 91
53 120
193 88
133 148
103 88
193 175
156 5
14 139
182 91
155 5
46 65
44 133
81 29
11 166
188 91
69 5
45 106
133 164
136 108
67 37
X
X
54 163
X
137 148
66 40
44 82
58 83
166 102
158 107
94 41
X
56 166
131 112
X
102 6
52 139
54 67
193 90
22 150
23 5
14 115
169 197
137 98
71 90
77 145
84 27
77 27
127 124
78 51
32 171
166 173
132 103
177 145
177 28
27 51
141 173
95 24
158 29
87 120
165 178
99 149
147 64
X
63 155
65 103
174 146
X
26 51
94 193
76 162
108 161
70 194
138 173
141 145
X
146 36
X
93 118
51 24
89 1
33 103
X
127 89
99 24
127 23
86 120
X
148 78
54 24
72 147
76 161
33 52
11 37
130 23
177 26
121 152
X
3 93
95 33
173 21
X
72 194
X
133 112
X
86 17
46 38
181 118
122 26
112 32
192 38
32 103
139 100
99 158
72 125
139 102
23 141
176 117
87 27
X
118 191
X
136 123
53 174
80 39
11 88
78 147
X
71 39
142 52
138 20
X
X
162 39
X
65 115
61 5
X
159 153
36 144
146 106
190 106
42 121
72 162
X
X
90 197
31 107
70 162
52 154
X
62 6
X
109 159
67 102
5 178
44 116
49 194
54 102
180 122
16 177
172 6
192 5
103 112
90 51
X
83 141
179 158
147 118
X
23 194
X
38 51
166 172
13 40
X
49 40
17 152
126 68
81 54
137 101
139 101
127 122
183 179
81 32
135 122
143 57
73 191
1 23
5 101
69 6
63 162
96 63
189 21
56 170
134 192
101 5
40 170
75 80
113 8
160 52
70 120
166 169
156 123
158 5
95 25
32 185
105 160
46 123
21 86
140 183
105 55
109 88
56 86
157 145
43 87
126 70
78 80
183 153
171 33
13 179
102 91
32 89
43 162
106 19
145 191
186 88
97 80
10 140
170 89
183 104
166 194
80 142
106 143
76 32
177 196
31 109
151 88
148 144
109 19
101 193
57 191
X
194 56
154 180
142 54
140 152
64 180
157 57
X
49 89
16 80
121 38
157 8
137 9
162 194
104 112
79 29
187 167
52 79
33 195
55 181
126 23
151 31
68 192
X
123 153
97 12
138 19
62 177
95 79
X
177 95
97 79
X
100 172
4 39
185 167
127 120
179 79
20 121
X
1 162
151 168
161 32
51 115
X
8 16
41 29
127 39
20 33
181 83
122 10
97 159
194 50
7 84
167 32
63 15
X
17 44
41 84
106 15
4 123
87 162
164 56
21 153
73 194
99 19
53 187
160 19
X
X
12 146
114 85
X
70 20
81 86
159 21
97 107
X
33 152
115 167
156 72
181 186
138 183
98 167
163 107
162 195
63 116
57 76
107 85
91 197
114 167
75 86
24 19
49 85
86 59
61 144
92 139
140 180
4 76
133 56
54 18
43 77
136 16
155 191
155 10
105 144
17 52
75 121
171 76
179 82
162 82
190 41
10 110
22 140
125 89
164 115
28 80
155 194
19 60
99 5
11 89
183 142
111 175
118 91
8 151
56 192
176 106
32 192
4 119
20 104
99 26
177 32
10 88
65 75
135 75
53 115
55 77
59 5
175 78
5 58
128 52
88 114
157 106
186 105
183 105
170 192
38 27
84 73
144 194
50 115
96 156
137 144
94 192
87 58
48 156
134 20
142 194
170 21
74 29
119 187
27 53
39 144
19 115
173 28
40 116
78 100
3 183
184 192
141 146
129 156
174 156
89 58
74 101
144 29
42 181
138 103
159 103
138 182
138 77
98 165
97 112
141 41
30 29
81 77
80 54
111 73
16 91
38 175
134 54
75 162
137 146
132 115
76 146
141 143
151 41
44 77
140 156
8 58
20 188
168 76
155 144
51 20
183 30
174 76
38 115
148 75
165 6
129 183
56 151
162 21
105 68
156 177
52 136
61 179
168 62
169 62
62 147
97 15
55 78
57 109
135 176
8 168
92 109
55 16
147 20
104 164
196 95
76 83
114 163
61 147
73 189
183 180
69 115
173 160
187 137
56 58
22 63
130 24
27 116
25 66
170 146
43 181
117 6
106 31
78 161
106 64
103 149
130 64
157 15
191 4
158 4
193 114
188 73
29 28
170 176
64 73
108 59
33 30
59 62
167 29
54 158
194 30
18 180
133 110
33 184
53 163
55 74
125 67
49 163
119 140
136 74
56 139
31 5
6 62
69 74
129 153
123 23
140 9
129 162
91 22
145 18
64 190
158 120
46 66
13 24
164 118
112 179
172 27
178 95
38 37
21 17
27 42
141 93
61 94
92 176
86 168
187 139
88 27
35 147
24 27
110 163
192 78
175 93
108 77
182 4
66 6
81 141
195 4
56 6
31 54
133 105
141 57
123 105
90 105
24 116
28 74
158 104
167 6
129 164
134 104
154 146
31 7
79 178
90 104
19 8
3 95
98 111
143 95
4 95
160 21
121 75
114 24
101 192
110 98
28 121
104 89
69 49
145 30
53 70
161 168
179 70
189 68
16 89
143 42
12 175
175 163
155 68
182 122
14 39
24 78
27 123
22 139
24 123
68 116
138 180
95 97
90 184
60 1
53 100
29 115
34 19
8 77
162 19
25 78
45 123
52 114
179 122
6 154
182 124
41 166
92 133
195 3
57 21
30 98
44 155
84 98
34 77
161 21
193 20
21 67
37 76
102 70
71 72
8 59
187 138
52 32
115 179
85 143
149 78
23 42
186 68
123 31
106 179
18 189
180 156
111 140
54 78
3 139
45 134
79 76
51 47
77 188
29 40
56 134
21 32
46 40
137 99
127 183
152 21
96 100
195 142
70 19
108 157
158 20
51 144
75 160
2 41
185 75
74 59
151 21
61 15
8 76
55 15
134 99
191 187
141 122
68 168
171 75
103 97
124 149
26 168
12 141
14 76
70 70
31 152
39 16
173 188
156 57
140 153
26 16
93 22
7 168
7 154
112 38
107 69
117 8
51 78
11 168
151 18
42 44
76 46
146 78
149 68
146 52
170 72
170 87
176 58
99 88
88 69
27 168
3 39
146 191
130 156
56 88
81 56
19 191
93 122
171 21
111 122
4 71
6 71
124 70
123 110
39 70
46 70
81 89
140 89
68 180
112 133
149 164
105 154
12 74
25 121
73 192
8 74
87 158
152 57
134 19
87 32
189 73
139 180
178 37
85 35
172 180
86 35
171 8
136 18
140 164
105 164
182 5
41 95
186 73
3 161
160 74
97 30
106 49
134 146
81 49
170 179
96 165
157 104
66 5
167 177
16 105
79 60
162 36
12 38
138 18
135 120
57 139
110 188
173 26
167 31
141 95
104 24
147 94
154 94
173 145
11 36
55 150
177 94
26 191
10 26
189 22
88 145
43 155
148 168
185 143
21 36
21 6
47 104
170 26
55 104
191 188
89 123
71 104
141 59
101 191
121 104
13 26
44 70
111 75
126 51
42 70
12 150
142 104
192 145
98 7
90 7
89 7
70 46
75 178
87 7
175 162
153 30
75 6
159 107
104 133
147 40
93 69
134 191
23 40
53 7
66 77
26 194
130 153
65 168
178 117
160 93
84 30
163 93
129 188
93 184
173 162
9 6
175 6
4 94
166 183
128 188
57 190
40 31
140 162
52 40
28 94
178 78
192 180
164 78
141 144
49 28
42 36
138 98
174 77
148 77
146 77
31 103
132 168
74 99
78 99
77 56
190 79
74 28
100 176
88 99
78 27
141 176
53 27
104 59
10 30
9 30
56 164
178 122
41 194
10 50
176 158
20 17
169 30
190 74
52 187
169 74
15 24
120 130
87 93
159 93
168 41
153 93
61 93
12 90
14 24
99 176
87 56
86 164
23 24
125 179
157 72
184 28
55 24
77 150
89 59
21 150
53 86
46 68
101 62
59 160
157 191
25 151
30 26
91 24
171 28
181 109
6 30
57 74
78 107
29 94
73 193
161 136
51 163
109 130
52 141
106 39
192 12
94 64
129 67
32 31
76 49
84 28
59 163
194 78
62 163
180 30
11 79
111 132
151 176
119 58
150 77
64 95
169 145
149 29
193 21
83 77
104 107
100 154
134 71
141 71
179 31
176 197
134 23
164 74
8 154
150 185
140 75
21 24
6 153
176 17
56 78
183 107
49 30
36 17
132 132
51 28
56 75
149 64
143 197
176 18
13 188
88 35
126 132
122 144
30 63
102 134
70 56
136 132
101 108
63 6
110 167
23 36
23 151
175 160
144 150
71 60
139 173
121 109
176 76
168 65
19 63
78 60
49 189
136 70
16 175
36 77
175 76
24 165
121 76
124 183
37 137
93 65
168 160
136 24
169 65
84 76
94 197
182 30
25 134
59 3
122 60
102 19
104 72
100 148
164 168
92 138
108 72
33 187
127 87
24 87
153 181
25 83
112 142
147 134
14 72
28 72
96 30
7 77
65 14
5 174
147 75
135 18
77 59
151 16
58 134
51 14
75 66
64 31
132 128
155 196
118 84
11 76
6 77
6 146
66 168
140 15
7 58
81 31
194 183
77 14
29 148
56 59
148 132
100 14
130 62
116 163
134 75
148 145
177 58
120 163
145 20
109 99
84 21
61 95
86 21
104 109
15 188
39 145
126 27
28 45
49 187
109 147
116 176
122 154
77 121
172 163
158 18
47 55
40 144
84 20
4 131
114 92
41 77
133 147
154 135
16 90
40 76
63 177
121 146
42 62
74 83
195 183
133 146
33 192
145 150
57 83
168 75
173 20
156 144
4 77
33 88
64 143
23 192
109 121
91 182
180 77
157 195
187 88
12 148
165 89
194 89
182 109
82 88
193 144
177 76
125 91
169 58
103 153
131 57
152 92
137 15
126 91
41 145
145 57
93 23
31 149
91 23
37 74
5 26
86 56
91 107
33 55
34 26
189 167
56 182
17 74
154 82
36 75
131 159
190 73
73 6
73 60
57 192
98 54
26 195
142 90
53 179
51 113
118 162
130 154
31 28
40 63
169 121
74 163
167 27
179 59
41 180
144 59
180 191
191 179
62 180
101 154
79 75
113 27
84 75
78 122
61 176
141 164
3 182
40 29
44 75
88 109
93 91
16 152
93 24
8 88
166 91
139 164
118 195
164 57
28 42
97 113
165 86
107 84
6 58
172 110
144 57
150 28
135 103
99 28
110 57
122 29
107 74
78 29
12 147
86 29
106 74
17 179
183 103
115 24
99 157
55 136
164 86
55 101
153 29
83 74
145 145
74 150
160 29
74 157
90 101
130 192
110 55
171 192
59 6
94 22
106 55
137 77
190 156
16 156
147 182
192 177
133 144
142 150
70 102
191 192
37 181
45 157
123 74
83 72
136 73
108 74
145 102
41 196
49 192
129 23
39 196
184 136
38 147
44 96
121 77
31 53
180 195
43 156
134 77
107 58
5 103
52 144
173 138
5 139
86 192
74 86
74 33
47 10
174 27
138 109
124 91
157 139
71 74
34 186
102 147
64 75
56 60
88 168
29 103
49 17
181 177
18 188
49 27
66 74
65 180
28 28
38 112
52 77
171 119
162 154
131 52
136 109
24 136
121 144
13 27
93 123
117 10
124 89
147 22
16 179
191 52
156 105
29 5
12 89
160 78
162 152
191 57
32 5
33 5
47 110
165 87
35 154
35 110
36 107
190 195
147 117
61 58
145 32
86 196
177 154
7 113
195 116
144 184
193 4
182 101
21 102
75 180
186 100
109 59
137 75
56 195
167 87
124 133
110 59
166 101
144 41
160 8
140 41
36 106
66 106
22 26
70 106
191 59
13 43
193 2
86 111
3 43
113 26
19 6
182 106
151 167
106 162
43 124
160 110
53 54
29 110
120 161
192 22
143 33
166 88
113 24
88 10
99 167
113 10
89 4
140 80
39 192
176 80
148 59
101 111
65 177
28 81
64 177
168 121
122 25
104 37
161 120
135 119
136 119
2 193
109 73
110 73
40 86
45 86
167 33
7 110
46 86
25 114
13 88
87 146
57 89
164 59
101 19
26 79
67 16
65 16
14 74
3 179
146 18
75 119
114 179
123 121
50 80
25 52
29 74
35 185
41 74
47 119
55 179
49 7
96 79
111 168
40 77
146 76
159 76
127 119
32 87
102 92
116 89
179 58
143 58
129 51
151 165
75 175
101 60
24 139
148 170
55 145
121 79
16 106
64 76
74 160
176 79
142 83
161 83
17 78
8 84
22 18
39 18
110 190
87 18
106 18
110 84
136 144
165 181
49 15
179 102
180 192
21 26
38 40
27 85
79 73
83 83
180 35
149 93
160 51
99 109
125 119
11 40
13 142
29 109
149 75
7 11
195 130
35 54
6 130
29 116
193 19
95 85
96 85
159 18
169 18
68 119
117 24
88 59
148 53
50 77
192 10
41 7
27 76
4 139
193 18
116 177
152 53
4 137
124 85
160 53
56 20
68 20
161 86
87 20
51 27
30 150
143 54
25 150
123 86
17 77
71 73
165 76
52 117
70 57
193 116
130 183
135 144
176 138
59 1
127 100
172 39
128 37
110 15
146 21
92 51
X
8 120
102 107
167 183
109 86
167 197
103 51
82 86
172 192
148 21
80 14
73 188
76 86
X
71 6
169 102
X
63 51
167 86
X
33 181
118 85
110 132
X
67 160
97 52
X
110 85
158 21
X
140 154
23 165
158 19
X
51 30
89 149
117 53
X
176 19
169 19
26 119
51 187
X
X
26 165
43 85
178 18
160 36
159 106
170 51
177 18
65 118
11 154
91 120
173 18
147 189
X
52 115
148 56
156 179
85 83
X
145 36
78 83
140 16
X
X
156 15
172 46
X
122 15
50 84
189 193
X
77 15
150 164
152 164
12 104
16 154
X
152 16
102 18
119 193
X
21 84
19 18
150 118
186 167
42 15
159 168
54 118
9 84
32 194
83 162
71 38
119 184
X
4 163
51 120
134 39
127 123
130 28
120 13
X
79 129
181 184
139 177
148 18
183 184
149 18
10 48
106 140
120 123
104 111
172 32
92 197
X
140 83
31 33
31 8
193 192
64 175
171 20
164 85
20 124
169 20
11 80
194 79
69 16
126 179
85 161
146 119
13 46
141 120
88 7
77 189
162 191
138 41
188 167
125 79
X
120 140
X
X
57 187
80 16
111 190
171 188
4 154
153 37
134 100
78 180
137 14
38 53
70 16
94 79
10 168
X
23 168
52 18
132 192
103 161
124 31
X
99 111
189 130
30 87
X
35 153
53 87
79 136
63 168
X
77 55
76 87
105 190
X
9 88
112 119
14 193
X
177 130
50 79
194 144
150 21
63 159
86 143
105 57
191 22
17 80
34 145
151 171
130 188
31 123
58 89
63 143
175 131
69 89
174 28
116 143
80 143
196 183
50 171
180 180
165 82
150 181
112 175
131 54
163 82
184 194
34 20
183 106
X
86 81
13 191
83 81
X
66 182
74 56
61 177
119 37
94 89
168 56
X
63 182
177 138
142 40
X
26 80
172 31
188 89
40 142
161 167
160 139
28 79
175 139
52 80
92 120
120 191
66 35
39 17
57 140
175 170
36 145
154 89
54 171
186 155
191 178
46 43
143 144
158 31
23 193
59 89
163 152
67 132
67 131
37 89
42 166
20 152
113 141
167 192
21 152
53 18
75 83
194 86
116 80
169 48
168 122
95 158
190 119
21 151
5 121
60 86
38 43
6 132
169 60
194 119
38 55
105 60
177 20
65 172
178 172
160 55
73 152
32 155
120 131
66 178
69 86
107 59
106 59
162 42
1 25
94 42
189 80
15 25
129 192
55 52
78 81
162 41
X
77 80
X
123 160
76 81
34 187
181 123
4 132
27 81
60 85
24 81
19 9
73 185
29 105
28 171
51 51
69 106
51 36
135 22
132 163
122 80
105 25
176 130
108 84
145 54
147 54
8 26
67 35
193 189
169 192
61 162
155 101
127 10
54 136
192 174
175 8
105 179
40 69
95 54
128 67
128 68
63 129
52 167
91 129
152 22
173 141
88 56
158 101
53 24
103 106
167 158
63 160
167 26
119 26
68 36
108 170
173 139
142 180
121 129
126 129
81 1
32 26
23 26
131 41
X
X
134 57
34 184
178 170
X
X
159 101
15 26
145 64
170 119
171 26
X
132 129
X
136 129
195 5
103 162
104 158
169 101
132 170
57 181
124 179
32 160
X
55 119
102 7
X
137 16
100 7
X
X
169 100
134 101
137 173
110 122
88 197
55 7
144 119
20 102
X
134 98
151 6
137 154
87 147
13 102
148 6
X
170 177
107 181
86 161
103 151
190 101
146 118
178 101
89 170
X
X
100 13
61 192
127 113
132 113
153 170
160 106
X
71 162
33 6
147 36
124 109
18 179
125 36
45 6
178 4
53 88
165 4
64 3
47 121
86 195
37 54
190 166
X
121 10
137 119
155 4
150 158
188 106
X
171 106
108 111
130 4
33 185
186 106
51 174
X
55 5
X
103 24
107 121
158 39
X
X
22 5
54 106
151 22
71 135
47 53
7 27
104 39
36 174
76 39
29 106
X
127 52
130 52
X
27 119
X
169 142
44 119
55 106
122 111
41 147
145 52
X
118 192
X
X
148 105
195 118
120 143
53 140
18 121
105 39
155 84
141 89
120 10
104 106
142 106
172 178
79 28
176 170
52 27
19 101
169 32
121 184
86 191
168 102
93 25
44 181
X
68 178
X
81 143
5 117
131 39
41 181
138 152
179 60
175 102
158 155
42 160
18 119
78 102
178 16
148 158
X
56 136
13 131
X
6 131
13 80
96 64
149 6
160 192
112 113
X
141 161
110 161
159 33
54 113
9 103
X
79 177
24 195
87 84
151 178
193 180
151 37
X
86 119
96 32
183 27
87 119
X
86 113
X
145 17
28 27
79 119
88 113
51 29
29 33
X
74 91
X
31 155
12 103
127 173
6 52
46 67
12 142
137 152
7 52
6 26
8 104
139 152
164 161
7 104
135 173
6 104
146 143
81 46
14 188
102 24
54 36
92 52
51 136
1 22
157 134
X
X
150 171
12 14
104 101
45 135
111 118
132 56
107 123
128 36
X
66 14
X
177 143
153 179
144 118
71 75
84 101
X
178 124
135 132
X
X
14 133
102 88
72 56
135 177
112 187
175 103
X
58 58
154 103
X
142 103
136 103
X
4 149
193 186
X
152 28
X
177 142
177 117
149 28
X
172 108
192 170
86 28
59 158
84 103
24 117
142 29
103 142
21 83
X
X
172 47
102 28
161 93
84 29
29 120
88 29
12 151
X
X
49 193
101 92
170 28
57 24
X
62 188
120 149
98 91
52 127
179 77
53 171
X
178 92
51 22
35 51
128 192
57 22
180 91
180 119
125 133
187 154
13 15
1 24
48 171
105 51
91 92
13 181
67 121
83 82
102 17
12 181
X
119 27
X
41 88
72 65
7 87
X
98 51
170 90
133 38
134 38
181 27
X
150 17
112 188
19 119
142 143
77 51
162 192
32 17
64 51
67 17
22 28
50 27
141 81
177 81
151 166
160 107
169 107
93 181
156 49
32 51
97 111
134 56
90 183
23 166
127 175
83 46
15 108
X
83 90
X
140 10
98 90
38 28
10 27
145 22
18 5
126 45
142 31
147 166
148 143
123 172
23 7
12 5
X
37 90
37 91
11 91
31 91
63 188
161 133
57 119
155 195
113 6
187 170
56 7
64 8
180 177
70 166
X
59 7
92 41
173 6
X
123 175
134 22
147 161
75 7
192 90
143 82
18 191
X
138 22
182 25
X
43 166
61 180
175 92
20 119
9 26
139 82
124 23
188 22
74 82
112 36
187 22
21 9
137 141
141 92
38 29
15 27
181 92
185 91
100 111
20 166
165 56
107 119
13 53
60 58
189 160
181 5
100 152
18 115
165 85
68 120
43 135
118 92
130 25
X
167 91
135 24
54 40
188 165
194 87
X
13 136
26 87
170 134
X
X
169 135
143 59
49 88
4 176
51 44
169 139
X
34 189
121 187
34 188
5 184
X
87 82
104 172
171 51
94 92
137 89
X
86 101
89 158
177 197
112 110
67 139
179 51
105 161
26 185
76 89
29 41
52 135
143 81
49 47
182 177
X
76 92
168 87
60 88
73 88
30 33
151 90
16 188
38 91
1 91
48 166
53 90
X
135 174
11 92
189 192
141 119
72 91
152 135
91 121
160 174
93 119
83 136
172 161
192 41
5 171
39 15
161 116
94 90
40 15
158 130
55 18
87 81
X
123 133
167 188
40 169
158 15
26 42
29 108
187 142
59 83
56 83
X
18 169
100 15
124 170
180 90
123 170
165 90
X
68 115
179 109
85 32
188 18
126 119
65 19
X
39 147
71 37
X
161 18
51 135
166 85
X
182 39
161 33
162 120
157 133
X
37 169
123 91
18 135
95 52
106 142
24 21
190 174
12 152
51 21
34 106
146 121
X
X
58 135
2 21
185 155
182 179
12 67
109 169
142 33
62 62
66 155
23 21
45 62
120 195
138 42
20 21
186 66
3 21
74 67
22 152
169 110
35 20
X
99 172
150 20
10 111
143 66
75 135
188 172
52 20
17 43
36 20
104 142
14 67
X
23 33
196 32
193 117
188 117
X
192 32
179 32
85 19
98 19
24 20
X
7 62
95 67
154 136
158 41
8 62
9 168
56 110
24 151
X
19 19
31 154
53 180
104 68
X
187 18
160 20
55 173
1 93
181 124
169 140
X
X
56 85
75 67
118 41
168 133
182 35
193 59
69 75
189 126
178 133
192 186
115 49
77 120
188 90
38 66
100 191
43 62
157 192
171 191
22 16
176 109
29 121
36 172
185 151
4 152
109 133
111 138
22 138
86 72
13 193
176 155
162 174
90 145
28 15
137 176
125 52
161 15
42 77
141 16
139 176
127 27
125 27
88 53
195 56
27 172
5 172
103 126
156 154
146 120
172 109
18 73
10 89
135 139
6 183
3 172
56 89
92 196
191 88
81 140
110 179
71 89
54 147
112 189
99 147
51 52
111 179
167 88
93 192
157 71
87 33
34 125
76 150
159 63
24 119
168 63
92 89
46 64
48 52
189 195
31 190
110 139
114 89
72 63
52 191
53 154
80 56
70 18
13 25
52 120
3 25
131 109
127 109
67 182
2 25
48 108
80 58
116 68
33 53
25 65
64 172
131 65
60 59
68 172
102 99
122 126
189 65
70 72
95 64
14 131
183 185
98 172
18 156
40 196
106 124
133 126
62 130
12 15
18 174
84 143
55 139
99 25
50 151
193 22
133 163
79 125
46 108
30 66
143 65
188 143
29 26
137 113
32 56
160 62
160 127
158 57
41 157
99 130
73 151
74 126
13 56
4 93
131 55
178 62
129 65
35 144
173 62
78 151
176 62
64 7
158 135
73 65
35 181
69 7
163 172
31 119
109 110
137 145
139 154
86 7
103 25
119 145
189 39
115 6
192 172
164 6
191 172
189 76
54 55
105 64
189 172
14 57
100 150
43 40
33 7
126 24
166 134
158 137
143 64
179 76
21 147
158 124
36 56
92 64
91 64
148 64
100 195
91 111
29 6
34 64
160 137
32 64
38 126
28 136
135 150
75 157
10 28
136 150
125 121
69 138
13 133
147 132
56 87
190 78
103 60
68 56
40 27
71 93
120 60
101 195
63 179
12 179
36 73
73 138
65 182
159 110
25 148
184 151
123 151
167 195
30 110
14 179
27 138
32 152
157 60
159 60
20 122
17 122
103 72
41 17
192 181
29 189
183 181
70 75
42 39
13 192
160 10
155 72
178 121
184 191
132 169
140 72
78 54
79 54
152 17
7 75
165 155
44 179
8 60
183 190
84 17
169 27
156 121
135 72
108 38
12 73
49 158
132 154
184 143
187 143
189 174
96 54
97 54
102 72
136 71
187 21
36 169
8 72
11 11
182 38
62 190
61 130
74 189
39 39
112 176
87 72
126 28
168 120
124 71
16 178
74 147
126 124
191 37
28 134
97 83
99 134
166 153
125 148
194 60
87 125
171 181
125 170
151 29
89 54
193 126
145 29
85 56
88 120
56 73
76 176
34 66
147 148
143 29
130 29
57 85
59 85
80 29
161 29
99 153
78 127
116 28
96 66
79 158
175 169
86 102
33 29
145 19
70 121
78 146
73 67
161 134
90 190
148 134
25 67
88 190
81 28
4 148
181 194
63 178
38 62
100 28
153 28
173 195
17 169
44 180
24 124
126 121
114 28
123 57
42 87
143 67
112 134
11 68
12 132
124 121
75 29
88 125
137 150
77 29
67 105
28 127
74 158
161 78
158 60
84 68
103 150
73 190
103 125
76 145
34 190
8 153
157 135
149 169
10 153
176 61
70 60
179 61
105 61
181 102
9 150
77 100
10 51
193 188
52 55
87 192
74 161
90 154
169 132
98 174
38 68
170 33
170 31
126 47
125 176
141 163
86 142
134 105
108 125
11 67
122 125
165 169
70 59
51 173
56 62
120 108
77 109
50 192
98 67
190 168
53 192
192 183
52 24
49 54
17 67
86 105
179 28
152 165
51 54
5 29
146 23
34 148
176 134
46 36
84 93
48 7
70 93
189 115
16 24
30 28
195 57
187 104
166 152
147 181
53 29
98 193
63 93
101 17
103 182
163 115
107 190
121 126
121 39
146 17
188 151
126 125
66 31
142 39
120 124
52 155
169 181
119 163
90 180
88 94
195 113
136 146
9 166
99 113
194 95
152 184
141 175
156 196
143 31
103 164
99 17
163 95
181 108
91 184
86 197
154 95
32 108
133 165
179 16
187 102
189 79
100 151
91 108
20 35
153 95
150 95
174 160
136 148
35 17
78 108
159 52
143 41
181 181
55 17
51 35
139 94
153 52
74 131
21 28
45 36
24 28
148 93
142 30
109 187
16 55
41 27
64 94
47 3
91 131
5 149
115 175
99 99
88 104
12 36
133 150
127 35
124 182
80 27
81 27
87 194
85 99
76 91
72 189
170 182
132 100
76 28
14 55
60 61
162 190
30 27
58 61
148 160
182 104
72 166
69 131
139 98
173 33
78 58
44 6
136 177
84 72
28 124
51 194
69 72
22 36
16 27
38 36
144 197
39 36
17 27
143 146
37 138
21 27
168 28
130 65
189 143
173 142
5 60
64 71
44 161
20 5
14 108
25 191
113 99
182 190
37 147
30 5
193 194
22 17
29 7
146 147
32 186
143 147
23 6
31 6
11 149
196 93
17 7
31 125
189 165
194 93
111 113
73 147
41 31
134 148
10 6
11 6
110 147
6 147
86 104
89 147
109 113
129 4
6 140
173 146
139 96
183 31
98 147
109 171
42 96
169 141
5 75
190 115
7 174
32 163
53 188
75 105
183 143
64 96
55 23
45 104
139 72
184 190
193 60
93 67
52 195
100 92
127 170
27 136
183 186
61 156
72 126
101 172
56 118
55 163
93 64
159 173
172 30
70 126
70 6
34 185
72 6
54 195
148 104
114 6
171 189
116 10
89 105
150 6
87 105
17 123
175 171
182 186
41 6
16 119
164 173
84 105
174 157
24 138
48 104
122 133
66 7
52 126
191 118
13 89
49 104
53 190
90 147
43 66
192 29
9 112
165 88
133 111
191 48
55 114
34 147
39 31
123 104
111 171
112 140
31 97
120 104
178 157
87 97
65 104
133 42
53 104
77 105
105 26
64 159
171 41
114 91
62 159
52 124
5 119
51 23
144 191
31 95
125 23
176 92
163 94
137 138
69 171
7 123
112 111
178 39
187 141
4 26
45 67
108 121
110 111
5 123
34 144
122 23
137 171
63 158
183 25
48 164
12 133
53 43
112 120
53 139
24 25
174 26
121 192
84 96
74 96
112 118
160 121
8 15
45 105
27 139
29 188
58 140
98 5
27 95
35 105
66 177
110 118
144 188
157 138
192 31
168 40
33 105
102 108
153 171
193 142
191 19
189 19
14 44
148 162
125 124
191 193
157 5
164 5
112 186
171 139
122 108
91 25
138 171
10 114
81 125
145 67
147 162
119 25
194 113
134 126
139 162
188 176
122 109
16 68
124 113
193 113
117 95
132 126
71 40
134 24
125 113
52 164
104 108
114 95
62 95
90 158
178 131
107 88
136 141
137 20
8 123
4 40
127 88
50 30
147 88
31 108
29 119
148 88
84 164
33 56
37 87
17 121
106 61
64 145
121 143
176 154
25 41
6 186
103 160
19 186
81 142
126 37
180 157
45 65
197 182
133 160
104 36
107 87
54 157
56 168
19 61
98 88
65 46
184 142
158 105
191 87
79 159
16 70
146 146
3 130
148 149
145 118
42 65
9 100
155 57
39 65
38 69
2 130
171 38
103 123
90 123
16 116
157 143
38 144
117 89
154 143
29 114
155 38
129 46
161 138
105 99
47 123
14 69
180 50
51 150
182 50
133 161
140 70
84 89
155 70
191 89
154 134
185 89
138 162
41 48
143 191
74 159
191 186
29 146
177 70
147 89
148 164
136 89
52 70
93 89
25 51
193 50
55 120
103 124
124 78
34 110
101 61
178 35
98 149
194 146
193 146
111 147
100 147
24 121
126 35
73 161
5 71
181 70
122 130
21 60
45 136
144 120
96 33
175 158
84 161
184 141
13 90
56 152
194 186
39 173
15 89
159 36
9 130
102 152
188 88
191 160
123 129
62 35
4 161
6 48
94 129
71 87
83 88
86 124
190 120
37 88
122 132
38 67
6 137
172 51
124 87
161 189
71 36
118 68
29 190
168 178
74 87
180 158
166 178
103 176
49 87
38 87
31 87
27 87
103 163
165 60
22 87
53 33
55 33
108 88
109 163
68 35
44 44
7 16
118 67
6 138
86 125
97 16
97 69
179 154
100 16
168 159
28 169
138 16
59 129
192 144
111 187
55 35
77 16
57 35
38 38
183 123
150 16
180 154
25 15
148 166
68 16
93 131
43 164
1 39
89 34
124 68
166 135
87 34
176 20
67 155
76 160
91 133
171 61
3 185
52 171
11 178
51 141
178 20
91 158
17 188
157 69
120 69
25 125
57 87
91 189
143 143
79 39
28 141
178 155
128 99
77 39
13 178
103 158
5 141
180 178
109 98
100 149
41 123
102 98
129 31
52 36
108 160
172 28
52 170
75 133
100 133
49 18
96 159
44 135
168 39
179 17
1 179
91 180
117 38
28 174
28 123
74 97
65 35
27 170
6 133
110 18
176 16
48 168
108 32
55 36
62 15
139 99
152 31
63 31
162 15
65 169
126 99
104 179
193 129
19 123
109 31
120 15
121 15
154 144
25 45
56 187
130 181
142 15
98 31
3 133
13 77
125 149
42 133
4 153
112 31
78 49
51 158
152 20
124 180
68 134
98 100
151 180
68 179
74 134
133 140
142 42
177 140
163 96
76 157
76 189
90 54
75 65
192 18
117 40
126 174
32 19
168 61
42 19
194 97
172 18
170 18
67 157
43 133
150 19
93 112
53 36
40 36
152 19
175 97
148 131
158 38
173 143
143 123
172 188
173 19
128 97
179 19
72 152
127 97
45 133
139 174
147 188
154 70
38 39
193 127
168 188
144 182
102 131
107 35
85 21
88 70
187 20
12 176
83 70
81 4
92 184
174 31
109 131
108 36
21 156
131 42
66 20
41 156
72 185
67 20
143 96
7 98
122 78
134 188
55 168
3 140
11 176
171 122
49 168
44 98
34 146
24 18
23 84
25 84
64 155
146 122
168 60
134 21
187 160
11 177
22 83
128 84
8 98
161 42
9 98
33 160
28 98
104 131
23 18
32 98
104 47
42 37
7 112
91 156
40 37
101 28
17 133
97 98
125 97
86 194
124 97
147 191
92 140
167 60
71 189
13 47
113 179
6 98
135 128
96 83
143 148
29 47
140 45
143 188
146 148
23 191
28 44
102 175
100 173
179 39
107 70
186 136
119 70
41 44
55 47
134 170
136 170
175 82
153 180
145 188
24 79
98 159
3 178
43 48
64 191
63 48
110 178
102 173
144 123
78 46
188 39
92 40
162 123
51 41
179 48
51 32
15 132
35 32
33 51
94 132
187 156
183 48
42 41
69 40
134 168
188 156
41 49
156 191
164 170
85 157
177 170
105 36
65 49
128 179
95 100
121 40
5 25
99 100
41 179
107 180
63 176
15 77
109 100
159 156
113 100
128 30
107 31
77 49
125 100
67 34
6 25
116 47
18 178
61 181
105 98
137 156
124 99
67 169
131 153
104 132
192 178
137 174
122 76
13 190
117 25
6 24
53 44
160 49
193 96
196 96
26 123
27 97
54 32
66 49
64 49
171 10
107 189
167 181
122 28
152 137
102 97
126 172
67 49
42 136
183 49
121 140
33 123
105 97
22 32
190 178
2 191
169 138
161 77
106 47
70 135
164 172
161 172
141 70
52 166
114 178
152 39
33 31
112 131
183 178
124 69
130 69
195 186
120 39
79 32
110 176
103 141
125 47
126 39
126 131
123 26
120 122
28 49
129 26
130 68
28 170
23 35
132 131
162 155
6 49
49 166
53 35
62 127
190 47
124 176
156 68
164 169
66 121
179 30
115 163
96 81
65 50
26 193
169 28
158 37
160 60
69 132
44 49
71 132
130 155
177 72
32 170
161 169
175 104
65 48
64 192
75 174
63 192
5 191
15 48
168 72
26 170
15 79
78 174
33 127
160 61
154 137
57 36
171 178
24 46
110 31
83 161
98 30
5 27
100 131
109 35
130 30
92 69
82 46
126 46
40 174
38 127
157 68
66 176
154 43
143 43
141 177
138 177
37 173
161 31
78 149
87 149
136 131
17 53
133 130
123 107
106 182
43 127
50 127
176 143
104 61
187 158
151 177
32 127
116 49
101 149
4 147
158 61
188 35
53 21
55 21
151 43
66 17
32 195
9 132
53 15
189 35
191 50
112 35
41 146
55 70
3 190
99 164
24 181
19 151
11 69
137 149
148 171
12 69
170 178
168 48
151 170
142 38
156 190
169 38
158 50
67 163
77 98
184 38
34 136
162 130
76 174
117 12
105 186
13 70
66 181
95 159
62 61
190 104
23 183
166 161
56 3
175 130
195 2
52 157
130 70
80 127
105 189
167 4
74 185
193 5
25 139
14 191
172 138
26 169
111 99
155 12
162 12
61 13
44 124
194 178
23 12
112 98
135 20
42 43
33 95
24 12
102 172
44 95
52 30
63 95
74 30
3 163
186 141
115 95
194 179
41 160
110 158
63 180
71 128
156 156
128 31
73 128
74 139
67 40
74 128
162 118
166 104
128 180
11 13
13 13
70 40
16 44
12 105
173 31
146 40
137 177
30 105
157 11
3 186
194 31
72 187
142 181
25 185
62 1
192 130
93 140
158 121
6 185
135 100
169 176
76 96
157 193
76 1
27 171
77 187
51 43
18 116
138 91
87 157
70 164
191 10
42 67
83 164
18 186
164 4
95 30
149 94
170 39
87 95
85 95
159 94
172 33
49 2
64 2
31 147
91 118
101 189
155 39
181 30
7 119
140 173
74 3
76 105
5 192
190 118
57 118
126 2
127 171
55 188
60 158
170 143
87 164
134 42
9 50
176 157
84 104
173 189
119 104
123 171
35 31
29 97
122 104
90 193
167 189
66 4
10 132
182 118
25 43
159 104
172 26
180 92
138 105
130 189
83 4
56 190
87 4
87 189
5 154
31 105
59 4
157 3
46 104
78 105
40 115
41 4
34 124
14 130
192 118
157 105
29 187
9 2
41 193
125 129
11 2
118 105
38 193
166 6
154 104
169 189
164 171
139 104
29 141
92 175
31 51
155 193
77 13
34 104
63 156
131 40
65 156
135 10
174 10
36 104
29 137
48 154
66 158
40 124
88 154
161 30
156 120
166 154
6 171
48 5
61 129
66 11
68 177
90 10
105 159
162 93
120 9
71 8
25 40
192 39
158 127
78 129
80 129
8 147
70 8
77 46
87 197
103 159
117 9
135 175
42 17
98 8
92 137
36 105
8 149
93 109
113 9
53 30
12 108
40 161
91 193
73 166
30 94
92 43
38 30
43 94
165 177
67 161
104 35
10 147
127 11
81 129
77 161
79 161
167 28
119 48
128 98
143 189
133 98
53 194
175 9
157 53
135 98
55 194
51 127
16 104
49 10
93 129
121 9
9 99
28 47
190 35
125 145
49 109
157 9
154 56
190 102
5 190
87 99
148 9
150 9
107 182
23 8
95 99
71 152
169 46
190 14
12 154
12 4
54 14
92 93
172 160
131 165
53 127
106 13
42 155
175 194
167 180
56 108
110 13
186 154
124 13
142 94
147 95
93 197
106 17
188 14
86 108
95 137
17 55
144 105
81 34
13 55
120 129
146 105
15 106
21 8
159 95
110 17
20 153
151 28
60 127
179 108
177 108
132 127
141 196
138 93
27 96
61 14
56 153
188 175
59 130
157 194
167 194
68 176
14 53
189 104
74 31
4 164
188 8
16 93
100 193
119 153
36 149
72 188
67 168
99 108
12 153
23 9
130 31
54 109
98 108
72 93
73 93
102 8
2 132
92 112
85 93
30 148
87 155
174 8
88 112
33 96
159 8
64 1
169 53
165 179
127 176
94 62
94 31
112 150
153 31
188 12
110 141
42 7
147 7
5 151
94 40
52 67
41 62
38 192
125 35
130 67
152 51
24 191
159 157
107 68
150 169
125 11
16 53
5 62
103 127
88 169
156 8
145 131
83 68
148 55
49 153
178 154
21 62
23 14
55 55
93 121
42 63
89 155
182 183
170 183
96 68
180 2
52 153
85 68
166 159
40 112
159 130
120 67
192 13
190 67
88 102
118 51
172 53
160 169
66 175
25 68
22 68
116 51
71 3
186 67
33 66
171 7
182 181
40 148
73 148
127 67
151 7
68 57
87 57
126 8
88 9
66 180
188 10
86 9
55 67
111 170
178 169
8 110
138 156
6 27
90 194
20 9
183 152
85 57
31 153
182 52
44 36
159 38
11 9
25 127
27 127
92 182
92 62
56 169
160 129
71 91
127 8
164 159
159 13
159 120
195 129
15 57
92 54
38 63
69 71
163 75
142 184
48 169
36 54
100 19
90 182
142 14
74 32
139 14
160 135
126 14
127 71
157 14
161 38
106 187
34 105
171 120
178 120
98 14
71 136
140 184
155 142
68 136
156 142
191 60
130 71
44 182
42 158
166 174
3 137
19 169
181 121
117 140
5 130
128 154
137 72
116 140
100 5
170 121
120 14
140 13
6 14
17 57
123 13
121 13
59 87
39 41
98 173
109 13
104 152
15 179
69 56
6 11
2 131
55 182
57 179
123 108
107 60
125 147
170 110
7 111
80 13
179 71
87 19
180 5
192 14
121 108
159 40
125 57
117 11
160 63
23 184
79 157
55 146
126 4
27 114
44 113
107 187
128 63
106 63
126 113
189 194
72 146
144 64
77 57
104 182
52 88
74 57
159 105
31 55
128 24
139 9
33 63
41 40
191 39
97 157
47 2
128 23
108 110
160 15
109 157
74 65
28 168
34 65
20 63
138 9
106 62
179 62
45 2
53 181
74 162
177 62
126 48
123 173
115 48
195 143
122 146
73 162
192 156
102 60
174 29
32 110
31 56
143 55
194 180
162 38
44 10
134 113
90 169
36 139
23 86
52 151
135 113
163 174
156 62
48 110
17 167
172 65
66 15
159 54
177 194
121 185
6 10
16 72
122 11
187 65
8 102
91 173
120 11
178 123
5 182
176 194
58 59
63 172
99 8
161 174
127 13
45 156
11 139
89 33
86 8
69 8
155 13
34 63
69 3
78 56
23 63
63 8
73 63
130 63
8 114
2 192
40 172
90 173
184 195
81 88
60 8
85 33
104 147
104 173
126 13
65 11
163 109
34 73
116 8
124 60
23 16
9 114
63 11
138 154
91 154
175 197
68 139
25 53
113 139
54 151
101 27
90 43
24 114
69 73
121 121
115 27
10 113
143 119
169 188
54 110
99 154
55 53
51 18
179 183
138 121
18 176
66 172
103 28
68 72
143 145
38 196
15 191
142 119
168 52
154 90
105 71
177 60
129 71
131 111
188 170
65 121
182 3
178 109
45 110
85 154
91 62
172 52
41 112
141 90
31 120
77 122
72 66
190 171
181 2
149 66
188 66
190 116
23 67
53 191
179 2
186 171
75 137
38 184
27 173
4 117
5 173
24 68
X
X
160 194
161 195
3 173
164 154
90 1
71 88
10 4
104 110
42 124
33 153
87 68
88 110
157 153
17 119
94 195
193 32
149 67
X
82 4
195 117
74 4
71 4
54 68
127 91
X
61 4
86 141
104 32
155 42
49 4
72 186
166 155
129 1
26 78
108 127
121 42
X
70 127
75 177
100 12
16 191
85 137
144 33
87 2
X
35 155
X
84 19
X
77 186
157 120
165 174
72 127
154 92
141 121
179 92
92 91
78 37
149 92
70 3
43 119
8 75
154 91
183 109
48 2
136 91
X
X
166 87
5 193
X
93 82
141 82
X
91 4
76 107
34 54
182 90
X
130 2
155 2
127 111
X
13 54
81 136
X
138 111
190 51
108 123
24 42
X
158 2
15 42
87 1
14 42
79 1
114 90
156 122
127 90
129 90
148 90
168 161
73 91
67 136
8 112
141 91
15 51
66 3
63 1
4 91
4 121
32 91
79 121
X
120 145
150 161
150 90
50 75
53 173
165 2
X
164 2
136 75
191 90
51 140
52 75
53 195
36 173
163 118
X
86 169
63 169
3 184
39 112
106 73
195 145
65 117
160 11
43 112
155 11
152 88
138 92
162 11
28 114
X
2 176
33 186
147 92
103 92
1 176
76 109
168 91
55 40
141 56
23 13
175 11
136 72
X
104 92
191 165
27 40
26 40
178 168
41 142
3 194
X
13 12
40 173
177 168
53 136
26 12
16 51
95 53
140 91
X
1 40
96 12
27 137
6 12
55 108
107 86
140 14
X
98 113
95 140
35 108
127 86
62 3
79 137
178 81
82 73
146 53
92 177
55 3
X
42 125
54 3
118 90
30 74
53 3
76 88
138 96
122 13
16 92
75 185
171 53
173 194
173 53
33 91
X
28 125
X
41 91
39 91
24 137
146 166
114 93
84 88
92 53
X
194 90
91 3
41 96
71 92
49 86
192 143
140 12
171 183
173 190
149 166
68 181
125 12
4 75
120 144
34 51
186 90
116 12
174 197
115 12
113 12
64 15
152 82
172 29
46 83
41 83
42 66
191 194
24 17
195 119
95 51
X
6 174
168 74
167 190
97 81
47 120
X
34 181
80 46
X
97 82
124 145
X
X
X
103 47
160 130
X
91 51
X
98 92
74 98
51 171
168 119
109 190
152 91
37 51
167 46
79 46
X
1 92
69 46
17 174
180 190
14 119
111 149
181 190
141 45
30 47
X
10 47
X
52 44
191 130
193 130
X
186 172
133 192
139 70
187 92
142 45
16 174
17 47
24 47
55 75
190 77
50 125
X
134 138
14 117
71 103
108 73
172 146
52 125
133 103
73 139
147 171
9 131
35 152
50 78
17 51
144 180
142 41
X
165 118
77 119
186 103
148 103
X
98 189
111 98
166 103
X
166 56
107 120
52 103
X
161 96
59 155
146 56
X
105 162
130 46
X
171 46
X
67 177
34 155
85 101
X
76 47
105 152
193 46
81 47
41 46
43 46
42 119
190 46
9 52
134 72
138 45
X
50 47
X
68 102
X
97 189
X
90 52
108 187
138 94
34 152
109 132
120 193
X
X
47 48
41 125
172 179
70 48
154 93
X
14 48
X
X
25 42
X
140 155
188 92
63 171
51 84
X
183 154
X
56 84
94 189
52 173
193 193
60 84
126 170
54 125
143 39
84 84
96 50
51 138
145 33
108 113
75 131
146 145
187 136
183 102
X
X
103 48
25 49
26 49
X
49 191
183 155
31 49
108 39
X
X
70 190
76 102
135 138
37 49
137 102
162 40
135 123
26 117
179 72
143 102
X
125 123
147 102
148 102
154 102
125 39
88 158
107 162
90 177
119 50
167 161
143 40
9 101
123 113
107 39
X
74 125
123 106
161 170
34 194
30 195
142 105
4 162
50 113
X
143 184
175 161
82 44
141 52
121 120
121 142
53 113
35 184
70 125
25 195
194 52
X
X
X
3 141
167 178
128 39
57 107
68 46
83 45
179 184
184 137
X
88 105
56 113
86 170
86 190
69 170
23 195
161 106
7 26
163 106
169 106
X
X
120 120
121 41
172 106
41 50
X
67 33
X
40 164
41 192
51 33
91 43
117 41
79 49
85 164
56 36
98 164
82 138
152 49
143 36
16 107
29 107
153 49
159 49
26 53
44 62
120 146
X
61 127
56 106
57 106
92 113
80 49
30 121
98 50
160 50
12 102
75 161
58 62
93 113
77 45
93 62
116 178
168 135
X
53 102
185 136
175 134
68 45
65 102
X
167 100
98 134
64 45
49 188
141 75
105 180
27 45
188 118
192 158
X
X
29 136
143 44
94 133
157 49
X
89 57
130 50
128 47
192 159
36 55
119 47
72 190
X
142 57
32 123
180 155
X
71 106
X
20 118
38 49
15 189
182 48
16 155
26 118
7 48
195 187
194 47
97 50
124 86
165 158
11 93
176 141
29 160
70 50
75 134
9 104
117 93
44 50
172 40
30 194
39 171
23 41
27 134
37 56
154 101
160 190
134 190
191 46
120 41
180 54
22 147
150 117
174 158
191 21
9 46
77 83
109 84
183 183
147 170
176 132
171 123
152 41
143 80
13 132
170 123
137 22
71 56
180 186
194 80
10 146
57 120
121 43
118 43
141 123
8 146
147 67
74 81
70 44
107 17
70 45
110 160
183 124
119 57
21 63
121 80
159 42
32 63
155 53
142 183
38 44
50 44
177 132
122 124
16 46
130 161
106 123
28 43
15 76
126 182
28 139
97 100
124 84
117 91
155 85
42 135
42 120
122 158
130 179
115 91
44 46
162 122
77 157
15 176
100 91
41 162
171 146
74 188
49 43
24 120
179 119
85 84
18 152
7 46
179 83
126 100
95 138
176 83
1 43
14 140
103 143
179 185
X
146 144
8 73
43 44
168 123
170 135
X
X
X
188 119
74 80
120 37
161 117
84 81
16 42
155 82
25 147
17 125
31 118
164 82
60 155
34 49
112 138
124 124
34 143
192 82
193 82
78 48
14 40
149 90
111 134
18 125
145 134
23 83
105 153
28 150
88 123
113 138
56 79
13 177
132 38
103 180
4 130
39 175
37 135
42 86
53 175
X
47 49
19 125
17 56
17 168
41 86
84 138
129 49
64 121
57 33
13 38
125 10
81 33
172 50
12 80
181 95
61 175
175 95
X
X
X
105 47
26 141
174 52
141 184
93 138
179 81
152 95
97 33
X
161 85
137 11
105 188
X
143 83
127 45
124 47
14 118
178 32
177 83
122 123
83 48
178 83
163 117
46 84
163 155
175 168
21 155
161 137
157 137
98 32
84 137
106 50
13 74
X
100 165
X
X
27 84
139 83
X
18 165
27 74
X
118 83
7 85
160 33
X
125 84
175 164
57 188
X
125 76
153 84
174 164
154 84
69 50
128 190
X
12 85
87 83
145 68
147 164
110 138
49 84
16 48
128 45
155 190
152 56
117 186
173 46
168 46
61 189
119 186
X
123 161
X
79 27
114 83
40 165
128 38
46 85
159 124
191 86
192 86
X
193 86
180 117
X
X
X
70 86
98 53
133 132
149 118
X
133 149
49 44
115 53
179 18
143 53
X
25 44
54 44
174 53
X
134 132
X
2 133
183 53
53 5
115 52
X
89 120
147 150
47 51
4 120
122 85
28 146
19 121
162 86
146 132
176 82
165 116
X
122 129
X
92 107
142 145
105 58
105 56
X
167 182
83 86
84 86
98 107
114 86
118 86
X
X
X
125 86
66 13
126 86
152 86
153 86
154 86
147 38
121 107
44 37
37 144
171 18
17 72
169 146
137 12
125 51
142 37
122 86
154 57
37 77
115 86
49 3
30 108
105 182
145 195
86 27
18 177
90 53
60 3
185 138
63 3
65 3
75 3
154 142
171 12
27 78
91 177
93 108
94 85
161 124
53 85
188 76
73 86
88 101
148 58
66 12
79 12
104 162
193 187
78 109
90 109
17 76
160 56
197 58
188 11
81 59
4 133
172 12
119 108
145 196
8 13
157 12
180 83
28 13
89 109
138 11
36 109
68 59
66 76
121 186
139 11
122 56
166 83
63 145
194 2
194 82
191 79
93 183
41 5
32 193
89 154
72 139
168 134
180 72
143 190
192 2
134 76
136 76
91 1
93 79
46 42
151 136
84 140
24 185
111 76
65 1
162 124
138 119
36 175
188 41
193 118
122 110
18 74
51 80
69 168
10 52
7 146
96 167
189 142
38 42
56 167
92 189
74 60
46 2
132 130
141 74
46 37
46 119
157 136
129 163
50 187
86 109
185 73
118 80
51 119
170 41
67 158
69 2
181 120
143 180
160 18
179 80
150 180
104 175
81 2
33 125
124 80
89 2
53 124
82 49
72 59
138 161
110 177
184 155
171 145
42 113
51 154
119 195
53 4
69 105
158 42
121 59
64 4
110 39
75 106
79 4
90 42
142 59
195 32
83 49
132 153
117 39
31 160
4 41
55 117
11 4
174 32
56 165
188 100
118 167
157 1
101 63
112 101
23 15
10 2
14 102
109 77
55 110
65 106
80 77
79 77
45 107
106 77
52 119
26 184
59 58
189 106
182 2
180 3
57 77
177 78
97 190
170 106
65 175
71 131
91 130
108 167
31 110
148 52
61 128
183 136
86 154
126 10
141 10
107 71
17 180
120 132
162 78
55 180
48 167
52 158
169 119
175 105
87 167
139 105
175 109
64 74
188 160
152 18
179 50
179 27
6 60
161 127
127 84
110 189
139 74
56 5
38 182
71 150
84 102
36 185
95 139
39 142
62 8
145 130
162 127
83 84
116 144
88 147
53 84
52 84
54 187
55 113
195 127
78 150
82 74
13 11
32 54
9 128
10 128
13 10
41 10
36 110
66 102
79 179
113 101
169 183
105 101
4 151
135 77
9 11
87 101
43 183
36 146
123 56
97 110
22 101
91 110
89 101
127 9
151 182
169 103
146 130
147 9
38 194
113 150
78 145
52 102
44 165
70 165
147 57
90 103
111 130
104 91
175 91
4 165
138 164
110 58
93 136
143 150
64 77
129 91
152 182
56 158
52 150
155 180
158 110
187 90
125 75
107 13
75 122
197 181
132 155
36 148
137 13
21 5
78 14
42 82
177 27
11 128
178 27
126 130
193 174
112 130
188 120
110 130
134 73
96 14
140 11
125 74
130 159
160 133
187 157
155 14
188 157
189 8
22 141
31 192
148 181
164 58
184 27
132 156
25 149
128 91
187 159
34 76
110 142
154 49
147 159
180 81
191 77
122 121
161 8
185 76
149 88
55 147
81 90
20 187
188 13
120 121
7 14
26 83
34 192
10 14
28 14
43 82
43 158
41 143
86 121
102 176
57 62
23 134
112 147
1 161
48 55
175 154
151 8
123 176
170 91
165 91
149 8
124 110
84 142
136 11
56 67
22 134
39 143
192 189
88 189
128 71
184 196
119 152
31 66
144 148
21 68
39 62
85 163
70 128
175 7
65 31
55 175
165 196
148 133
150 75
63 147
75 147
126 133
62 59
57 182
125 71
122 14
110 14
18 134
77 32
51 139
181 71
83 71
75 34
70 76
106 76
166 60
44 76
174 155
75 108
20 167
64 35
17 137
72 64
67 172
169 76
141 197
75 165
139 76
142 197
35 135
170 76
164 160
145 197
191 177
165 77
158 62
131 62
53 32
43 74
165 197
4 74
87 145
141 160
192 182
38 183
171 9
179 29
168 197
192 35
148 146
47 50
71 149
166 158
121 133
8 30
7 10
149 65
178 158
179 106
125 37
30 73
64 144
14 38
170 60
175 107
34 103
138 75
188 68
186 102
90 8
16 69
82 72
120 147
168 31
61 11
121 154
89 176
86 10
196 60
21 154
117 67
110 77
60 163
62 58
61 188
195 179
178 30
123 10
155 176
120 133
193 78
190 66
197 57
195 128
152 133
154 133
16 137
167 3
68 60
68 175
102 68
134 74
48 163
150 160
30 75
19 62
7 60
155 1
140 160
130 1
13 135
109 167
193 29
9 102
87 30
94 67
126 50
124 74
4 43
23 60
22 137
156 180
86 93
160 167
176 118
110 162
22 60
32 187
122 74
41 2
162 167
52 76
172 41
113 140
191 166
179 69
183 50
128 2
24 129
118 37
156 155
40 70
54 139
5 186
22 135
197 59
170 133
151 93
169 51
90 167
97 167
25 129
69 60
187 166
159 127
121 162
66 1
54 70
31 124
24 40
19 167
56 155
62 145
125 183
92 118
6 13
132 98
181 117
56 137
160 31
55 144
14 142
33 163
175 133
160 57
118 70
159 57
68 117
77 12
2 194
33 155
136 127
27 12
25 12
133 58
65 77
133 141
8 12
67 138
29 104
58 138
152 183
192 40
146 117
131 58
125 58
165 74
29 139
118 144
21 34
12 3
29 150
89 3
99 12
157 146
41 36
56 163
94 191
114 12
131 188
101 12
103 49
145 59
168 176
152 176
111 167
52 163
119 191
13 36
52 47
11 151
29 161
67 46
113 175
94 190
188 137
137 95
183 35
25 165
23 32
44 47
55 155
69 103
195 126
139 45
125 38
42 116
132 110
68 47
141 162
81 60
80 60
14 128
192 46
1 95
41 155
129 165
147 130
44 137
69 36
36 49
80 32
127 50
63 130
138 70
33 49
134 70
165 180
52 176
38 128
7 165
39 128
176 59
148 57
10 112
104 134
101 130
17 124
103 50
63 35
10 165
50 74
142 123
128 189
104 38
32 49
40 74
162 74
28 129
166 168
85 34
194 32
88 122
112 39
35 77
190 49
46 39
194 49
28 50
117 162
159 133
174 138
97 63
171 72
171 48
95 69
102 69
178 76
29 76
149 30
13 45
173 61
13 72
46 69
120 187
26 45
29 45
81 45
12 139
169 49
162 37
155 49
88 170
69 70
105 31
13 44
54 179
138 122
180 76
56 179
126 97
168 38
144 31
138 44
31 50
25 136
177 123
21 100
151 164
6 139
11 77
43 128
88 167
183 39
59 128
55 100
180 48
137 155
81 58
43 50
150 31
79 31
176 97
61 143
185 77
64 72
38 124
65 72
76 31
56 70
66 72
169 144
143 45
143 52
28 76
54 47
45 137
62 143
39 44
120 184
88 97
187 171
88 98
133 40
41 98
64 189
51 137
149 171
136 173
161 171
3 171
4 171
29 171
3 174
161 173
92 173
103 172
32 173
160 172
162 172
178 171
7 172
32 172
133 171
110 171
7 166
186 165
17 176
172 164
173 164
1 165
2 165
3 165
114 165
119 165
116 175
71 166
28 166
75 166
98 166
119 166
130 165
49 171
189 170
97 158
153 169
189 155
168 158
177 158
149 158
59 159
156 178
188 178
108 158
44 160
118 158
119 158
123 158
85 158
99 159
40 160
43 160
87 170
63 170
36 170
190 169
89 174
20 169
23 169
188 174
69 169
24 169
29 169
39 169
79 174
30 174
166 170
27 174
29 174
90 170
32 174
146 164
54 176
55 176
185 166
186 143
172 183
35 143
82 143
197 183
168 183
51 145
53 145
54 144
103 144
165 183
147 183
134 144
194 142
116 179
180 183
79 175
150 182
155 146
44 183
123 145
133 145
144 145
33 183
147 145
177 146
192 146
195 146
20 147
23 147
24 147
64 146
165 182
125 146
156 146
116 167
119 167
132 167
108 168
138 168
11 175
20 168
51 175
40 175
64 168
150 166
8 165
11 165
17 165
14 176
20 165
28 165
27 165
5 176
90 168
165 167
163 167
28 167
135 167
137 167
138 167
67 175
148 167
133 167
110 175
9 167
11 167
98 175
18 167
91 175
86 167
89 167
90 175
69 172
1 178
79 160
118 160
8 117
20 117
29 117
31 117
178 118
189 118
34 193
68 118
159 191
184 193
180 193
107 118
162 193
160 193
183 122
106 122
6 117
24 118
4 194
190 117
45 119
66 119
67 119
54 120
64 120
75 120
79 120
90 120
147 119
176 119
177 119
168 192
179 117
182 117
5 194
148 118
121 191
136 121
122 122
4 122
8 122
173 191
167 191
44 122
47 122
76 122
30 192
46 110
26 192
20 192
19 192
180 109
169 195
9 110
33 110
3 192
40 192
138 120
97 192
61 191
145 123
169 123
138 123
87 123
112 191
111 191
107 191
137 123
105 123
188 116
161 191
27 121
62 192
31 121
24 193
158 191
30 119
153 176
41 158
44 158
45 158
43 179
53 158
55 158
5 179
2 179
166 176
192 157
78 157
95 157
156 157
175 195
157 157
158 157
138 160
59 157
56 156
95 156
85 156
129 160
106 159
107 159
61 178
118 159
123 159
150 159
103 179
191 156
43 157
48 157
128 156
20 156
99 156
67 156
4 179
66 163
165 161
40 163
188 177
166 160
172 177
190 160
87 161
89 177
31 162
29 162
28 119
139 160
76 119
192 192
91 119
190 192
70 119
25 119
149 160
192 160
140 177
31 161
1 177
133 162
150 162
171 176
2 163
75 164
117 164
97 164
105 163
104 176
138 163
1 164
3 177
5 177
2 161
25 183
25 193
53 146
76 148
62 33
79 33
94 33
32 33
86 32
89 32
142 32
184 35
78 34
191 35
14 36
43 36
174 33
57 34
62 34
65 34
35 33
55 43
36 53
28 53
55 51
76 51
88 51
89 51
104 51
65 51
119 52
118 53
119 53
141 53
170 53
17 54
144 52
190 52
193 52
181 35
78 32
12 40
122 30
132 40
155 40
93 40
170 40
49 41
181 39
184 39
90 40
92 42
68 40
134 41
132 42
141 42
151 42
160 42
2 43
177 29
127 31
125 31
96 31
31 31
34 31
184 29
195 29
196 29
88 30
30 30
76 30
171 31
177 31
184 31
196 31
33 32
62 32
67 31
106 51
96 52
88 52
119 56
68 48
55 49
76 50
78 50
83 50
95 50
115 50
179 49
25 50
83 44
17 45
30 45
125 45
117 43
138 43
55 48
153 43
17 48
167 47
137 10
161 10
62 11
64 11
46 10
125 9
136 9
162 9
188 9
153 57
167 48
181 48
10 49
117 47
127 47
13 48
69 44
55 44
6 47
196 56
197 56
16 57
81 57
169 56
167 56
110 56
125 56
38 52
143 56
93 43
173 51
174 51
194 51
131 51
36 52
192 56
183 54
182 54
181 54
65 47
70 47
83 47
30 46
42 46
66 46
170 46
14 51
107 55
109 55
134 55
146 55
91 54
132 54
133 54
80 34
169 41
189 41
1 42
137 153
164 153
188 153
165 152
16 153
93 180
92 180
10 141
116 142
138 184
4 141
184 140
105 140
106 141
111 142
113 142
186 151
183 151
170 180
123 152
197 179
196 179
13 180
120 154
56 154
102 154
57 180
104 154
128 155
157 155
127 179
45 155
62 155
48 152
101 152
121 153
116 141
94 140
121 141
181 185
152 185
151 185
10 139
70 139
12 140
29 140
81 139
31 146
84 139
133 139
37 185
161 139
5 146
9 146
11 146
4 186
183 138
149 185
117 185
134 141
185 141
188 141
104 140
103 140
147 185
23 139
119 185
34 139
148 185
37 139
112 185
111 185
110 185
77 185
87 148
157 142
78 148
90 149
144 39
147 39
111 39
66 38
76 38
80 38
151 38
188 38
48 150
141 149
143 149
90 181
4 150
103 181
63 181
31 150
109 39
66 39
11 39
184 36
13 42
17 42
80 37
112 37
117 37
14 37
127 37
155 37
121 37
76 36
77 36
192 36
144 36
161 36
178 36
178 38
124 181
142 148
109 149
64 182
64 147
77 147
54 182
148 147
4 182
113 148
145 148
41 148
166 181
111 148
149 181
20 149
35 149
104 148
180 181
137 147
6 182
26 182
101 147
122 149
123 149
102 149
148 150
23 181
11 181
48 151
71 151
56 150
109 150
110 150
134 150
76 149
73 149
41 182
172 182
49 110
189 127
177 195
81 127
102 130
136 130
65 119
15 80
76 80
141 80
155 41
26 81
93 81
73 131
38 41
44 164
137 105
1 41
72 128
141 83
136 128
118 82
14 134
13 134
139 77
8 119
125 78
178 132
175 132
22 136
161 135
151 135
190 76
179 78
145 132
100 130
114 82
94 131
118 164
20 34
119 164
109 162
108 162
40 44
40 171
36 171
33 33
169 33
66 34
104 34
175 106
75 107
122 107
159 172
145 31
127 172
79 34
31 163
129 161
119 161
25 47
190 165
9 165
53 40
12 106
164 167
134 40
169 108
158 40
61 163
78 39
50 163
17 46
63 46
64 46
118 161
147 160
41 85
65 163
20 123
53 144
16 74
147 68
135 141
65 114
96 62
175 146
121 60
40 147
195 144
176 60
16 115
13 67
188 115
126 67
93 68
61 145
180 95
182 95
193 95
52 118
175 138
27 141
69 139
161 74
171 74
34 75
37 75
75 136
51 75
149 95
58 136
57 75
88 95
34 137
141 96
53 147
41 144
91 91
55 115
43 122
42 122
124 90
147 90
171 121
185 90
127 121
69 91
86 123
26 121
93 120
145 120
30 89
33 89
92 123
91 123
11 90
42 85
23 87
11 87
188 65
32 66
169 143
160 124
177 92
42 88
69 88
25 87
12 87
118 93
71 86
110 86
43 125
181 119
24 125
8 121
190 167
20 150
134 167
152 180
189 156
105 59
104 60
170 181
169 61
19 152
27 169
22 151
20 151
146 57
152 181
150 18
76 29
67 36
4 25
36 51
188 155
169 31
187 155
178 119
123 109
55 118
134 103
91 109
158 106
34 108
65 116
141 94
25 16
146 54
147 21
156 53
193 179
192 179
170 61
108 35
107 122
190 170
24 16
13 69
119 144
100 17
97 14
110 187
157 13
139 75
107 73
85 72
184 138
105 72
106 72
65 15
8 14
41 124
12 88
74 88
108 159
144 40
117 163
120 162
166 86
71 190
43 86
176 78
14 132
41 87
43 123
181 122
81 138
188 77
29 170
16 176
64 6
76 147
61 3
141 148
55 102
121 151
126 52
129 52
152 52
169 52
183 52
87 154
148 148
146 102
179 52
77 58
106 58
179 101
177 101
110 113
53 55
49 55
86 112
164 152
188 37
192 37
170 38
36 108
49 108
148 169
111 169
108 169
57 108
67 106
38 54
100 153
48 153
141 54
42 112
103 154
136 113
44 48
103 148
190 48
172 48
26 116
119 51
110 159
65 155
48 155
47 52
104 159
145 119
28 51
102 111
136 110
137 100
133 113
152 93
61 6
70 49
63 49
110 110
55 50
138 113
31 148
146 59
168 59
131 113
22 102
121 56
131 56
111 150
193 56
52 113
5 102
54 150
119 49
145 117
152 84
31 98
13 187
91 132
98 132
75 189
98 131
89 189
161 130
162 129
188 136
85 136
145 189
5 137
160 189
92 129
95 136
94 136
92 136
75 132
118 187
11 132
117 187
12 131
99 189
68 131
70 131
93 189
72 131
194 130
80 136
178 130
190 130
57 136
100 189
92 131
86 189
37 136
189 129
82 136
26 134
104 130
103 134
64 188
109 134
110 134
146 134
107 188
177 134
29 134
18 136
42 134
57 134
166 132
167 132
13 189
195 188
170 132
101 134
178 134
151 133
145 133
60 130
134 189
182 136
94 130
103 130
98 130
158 133
27 135
166 133
24 135
15 134
153 133
36 135
34 135
29 135
122 113
31 114
174 194
99 112
87 108
89 197
100 108
118 107
13 108
103 108
167 196
45 109
157 196
143 196
94 196
97 109
118 108
182 196
180 196
33 108
158 108
166 197
127 110
192 195
158 109
169 109
57 110
162 110
163 110
171 110
88 111
93 111
121 195
135 110
86 110
93 110
102 110
165 195
102 109
175 196
170 108
171 108
39 194
43 116
44 114
161 115
25 116
101 194
30 114
108 112
7 114
38 195
127 112
87 112
44 112
57 195
136 111
38 113
55 116
52 116
38 116
30 116
183 108
98 195
97 195
150 114
189 114
195 114
145 194
17 115
20 115
26 115
149 114
168 194
87 114
138 114
69 114
148 130
20 189
23 136
26 136
184 30
30 31
164 174
177 30
128 1
55 20
53 20
49 190
162 10
101 24
45 10
43 10
193 177
172 181
33 26
130 26
125 13
11 14
13 14
86 30
194 189
35 186
107 127
104 127
195 189
81 137
74 127
2 190
84 97
14 187
63 175
76 3
162 13
43 2
194 29
191 195
11 179
76 6
8 11
74 6
161 194
181 183
65 17
89 175
97 17
180 194
97 18
189 18
106 71
33 27
97 193
175 10
147 18
93 182
167 176
33 28
143 194
26 183
75 176
79 176
61 190
72 191
97 191
61 8
180 179
100 8
20 191
152 179
149 9
151 179
145 21
5 24
169 26
117 28
115 28
63 127
24 26
34 127
74 190
136 126
92 124
190 126
88 124
54 124
3 138
194 126
33 190
108 190
32 190
123 124
179 124
94 138
20 125
145 190
177 124
120 125
24 126
63 190
127 125
57 189
133 188
93 133
98 133
16 133
170 188
153 135
146 188
13 137
31 126
34 126
50 126
28 126
68 190
136 138
93 124
110 186
36 137
71 125
9 129
26 129
14 137
58 137
191 189
78 128
162 128
158 128
18 190
160 128
35 137
54 127
59 127
50 124
153 137
106 186
15 137
162 189
18 137
12 128
69 190
78 125
106 190
80 138
38 125
56 138
133 138
182 137
24 128
42 137
41 128
39 124
18 187
31 186
87 10